shapeId,shapeType,shapeLabel,pointId,longitude,latitude,source
0,POINT,,0,72.97377044097402,33.68617947086318,
1,POINT,,0,72.97488623992422,33.68610805215326,
2,POLYGON,,0,72.97445708648183,33.68610805215326,
2,POLYGON,,1,72.99085074798086,33.69424940286185,
2,POLYGON,,2,73.00115043059805,33.68096574909809,
2,POLYGON,,3,72.98415595427969,33.67296599963005,
3,POLYGON,,0,72.99085074798086,33.69446363851819,
3,POLYGON,,1,73.00964766875722,33.70374667054893,
3,POLYGON,,2,73.01917487517812,33.690178823910635,
3,POLYGON,,3,73.00106459990957,33.68089432605652,
4,POLYGON,,0,73.00964766875722,33.703889478591826,
4,POLYGON,,1,73.02655631438711,33.71281451012181,
4,POLYGON,,2,73.03702765838125,33.69917668782145,
4,POLYGON,,3,73.01917487517812,33.690178823910635,
5,POINT,,0,72.98608714477041,33.68210850969336,
6,POINT,,0,72.9813664569042,33.68285843807886,
7,POINT,,0,72.98999244109609,33.68896475426444,
8,POINT,,0,72.99625808135488,33.68207279865467,
9,POINT,,0,72.99188071624258,33.68257275184624,
10,POINT,,0,72.98861915008047,33.67871589478616,
11,POINT,,0,72.9961722506664,33.69392804837588,
12,POINT,,0,72.9998629702709,33.69042877729711,
13,POINT,,0,73.003124536433,33.687215035488705,
14,POINT,,0,73.01067763701894,33.694070872740234,
15,POINT,,0,73.00406867400625,33.6961417993468,
16,POINT,,0,73.01316672698476,33.691285754817436,
17,POINT,,0,73.01668519994327,33.70299706422215,
18,POINT,,0,73.02235002538272,33.70542478984785,
19,POINT,,0,73.02235002538272,33.69528501005879,
20,POINT,,0,73.00793046971866,33.692571344885515,
21,POINT,,0,72.98166627904483,33.67928743176699,
22,POLYGON,,0,72.96179856792571,33.701093523111794,
22,POLYGON,,1,72.96351518169524,33.70116492936827,
23,POLYGON,,0,72.97973718181731,33.71030444016121,
24,POLYGON,,0,72.97415818706634,33.68631115036615,
24,POLYGON,,1,72.96265687481048,33.70116492936824,
24,POLYGON,,2,72.97965135112884,33.71023304150237,
24,POLYGON,,3,72.99080934063079,33.69459530532894,
25,POLYGON,,0,72.9778701349213,33.64855601934796,
25,POLYGON,,1,72.9888564630463,33.63383607648257,
25,POLYGON,,2,73.00550761661076,33.64133927442497,
25,POLYGON,,3,72.99452128848576,33.656343708857946,
26,POLYGON,,0,72.97769847354435,33.64862746924342,
26,POLYGON,,1,72.96379390201115,33.64141073031016,
27,POLYGON,,0,72.96388771704581,33.64148550970138,
27,POLYGON,,1,72.97006752661612,33.62562086236497,
27,POLYGON,,2,72.98877861670401,33.63376793817506,
27,POLYGON,,3,72.97762062720206,33.64863079253293,
28,POLYGON,,0,72.99440796453698,33.65655733307478,
28,POLYGON,,1,73.01363403875573,33.66684455081325,
28,POLYGON,,2,73.0247061975692,33.65069878446789,
28,POLYGON,,3,73.00548012335045,33.641410024288874,
29,POLYGON,,0,73.01354820806725,33.66705885476935,
29,POLYGON,,1,73.02968437750084,33.674987725793585,
29,POLYGON,,2,73.04144318182213,33.65941501693902,
29,POLYGON,,3,73.02479202825768,33.65069878446789,
30,POLYGON,,0,72.98406477015475,33.673247478084626,
30,POLYGON,,1,72.9955660824106,33.657174356212984,
30,POLYGON,,2,73.01367635767916,33.66710432829359,
30,POLYGON,,3,73.00234670680025,33.681961426180266,
31,POLYGON,,0,73.00275201381768,33.68181214578172,
31,POLYGON,,1,73.01378125728692,33.66713360853971,
31,POLYGON,,2,73.02987451137628,33.67513390055872,
31,POLYGON,,3,73.02043313564386,33.687311487647705,
32,POLYGON,,0,73.00368080388839,33.682108003420936,
32,POLYGON,,1,73.01844368230635,33.68992836357084,
32,POLYGON,,2,73.02994499456221,33.67500121444684,
32,POLYGON,,3,73.01355133306319,33.66692947544383,
33,POLYGON,,0,73.01861534368331,33.68992836357084,
33,POLYGON,,1,73.03689728032882,33.69906906976308,
33,POLYGON,,2,73.04805526983077,33.68435776896494,
33,POLYGON,,3,73.02985916387374,33.674929786450555,
34,POLYGON,,0,73.02993637920346,33.67493271592538,
34,POLYGON,,1,73.0481324851605,33.68436069811853,
34,POLYGON,,2,73.06014878154721,33.66907541853746,
34,POLYGON,,3,73.04135186077085,33.65935999711094,
35,POLYGON,,0,73.04778916240659,33.68493205775076,
35,POLYGON,,1,73.06521279216733,33.69385905873134,
35,POLYGON,,2,73.07722908855405,33.67828976749814,
35,POLYGON,,3,73.06006295085874,33.66900398561943,
36,POLYGON,,0,73.06562573663483,33.693954204164996,
36,POLYGON,,1,73.1027045940567,33.71351892442667,
36,POLYGON,,2,73.11231763116608,33.69652500562026,
36,POLYGON,,3,73.1133475994278,33.69295442727207,
36,POLYGON,,4,73.11643750421295,33.69181181086578,
36,POLYGON,,5,73.11008603326569,33.688955203384644,
36,POLYGON,,6,73.10613782159577,33.68524147171328,
36,POLYGON,,7,73.10115964166413,33.6813847343804,
36,POLYGON,,8,73.09566647760163,33.67824207973665,
36,POLYGON,,9,73.09343487970123,33.67367074065623,
36,POLYGON,,10,73.08759839288483,33.66552744097794,
37,POLYGON,,0,73.03674108183056,33.69987953812438,
37,POLYGON,,1,73.05425054227977,33.709161984957845,
37,POLYGON,,2,73.06540853178173,33.694238176601374,
37,POLYGON,,3,73.0475557485786,33.68466843798304,
38,POLYGON,,0,73.05425054227977,33.7093047839971,
38,POLYGON,,1,73.07184583341747,33.718657603932115,
38,POLYGON,,2,73.08351880705028,33.70359263723038,
38,POLYGON,,3,73.06532270109325,33.6940953525151,
39,POLYGON,,0,73.07184583341747,33.7188003871806,
39,POLYGON,,1,73.08849698698192,33.72708140926273,
39,POLYGON,,2,73.0999124685493,33.711803728747945,
39,POLYGON,,3,73.08351880705028,33.703449828694,
40,POLYGON,,0,73.08888759364638,33.72728885388658,
40,POLYGON,,1,73.09274997462782,33.72900206491208,
40,POLYGON,,2,73.09635486354384,33.72800269597017,
40,POLYGON,,3,73.10588206996474,33.71579517905348,
40,POLYGON,,4,73.09995975245985,33.71215400459385,
41,POLYGON,,0,73.1225730099105,33.71870878822292,
41,POLYGON,,1,73.1225730099105,33.71663840566868,
41,POLYGON,,2,73.12188636440268,33.71581737807222,
41,POLYGON,,3,73.1211138882064,33.71363983207575,
41,POLYGON,,4,73.12115680355063,33.71299726696748,
41,POLYGON,,5,73.12205802577964,33.71274737923793,
41,POLYGON,,6,73.12270175594321,33.71206910887777,
41,POLYGON,,7,73.12295924800864,33.711140940755854,
41,POLYGON,,8,73.12373172420493,33.7115336284933,
41,POLYGON,,9,73.12386047023764,33.712247601597234,
41,POLYGON,,10,73.1245900310897,33.71264028427408,
41,POLYGON,,11,73.12501918453208,33.71160502607083,
41,POLYGON,,12,73.12579166072837,33.71081964945323,
41,POLYGON,,13,73.12647830623618,33.71021276260189,
41,POLYGON,,14,73.12720786708823,33.709284574415996,
41,POLYGON,,15,73.12699329036704,33.71010566447703,
41,POLYGON,,16,73.12776576656333,33.71064115376568,
41,POLYGON,,17,73.12922488826743,33.710177063241765,
41,POLYGON,,18,73.12999736446372,33.71067685293288,
41,POLYGON,,19,73.12913905757895,33.71035555989393,
41,POLYGON,,20,73.12875281948081,33.71092674668767,
41,POLYGON,,21,73.12913905757895,33.71171212232581,
42,POLYGON,,0,73.12248717922202,33.71870878822292,
42,POLYGON,,1,73.12476169246665,33.718423221183805,
42,POLYGON,,2,73.12879573482505,33.720315085118855,
42,POLYGON,,3,73.1335593380355,33.7208505107385,
42,POLYGON,,4,73.1348038830184,33.72167149020246,
42,POLYGON,,5,73.13720714229575,33.72374175137658,
42,POLYGON,,6,73.13806544918052,33.72374175137658,
42,POLYGON,,7,73.13858043331138,33.72220690736188,
42,POLYGON,,8,73.13746463436118,33.71899435431217,
42,POLYGON,,9,73.13694965023032,33.71663840566868,
42,POLYGON,,10,73.13600551265708,33.716245741275976,
42,POLYGON,,11,73.13669215816489,33.7158530750875,
42,POLYGON,,12,73.1359196819686,33.71510343465004,
42,POLYGON,,13,73.13673507350913,33.71378262366905,
42,POLYGON,,14,73.13742171901694,33.71264028427408,
42,POLYGON,,15,73.13493262905112,33.71192631443508,
42,POLYGON,,16,73.13433181423179,33.71249749078118,
42,POLYGON,,17,73.1344605602645,33.7131400596293,
42,POLYGON,,18,73.13377391475669,33.7131400596293,
42,POLYGON,,19,73.13450347560874,33.711569327289496,
42,POLYGON,,20,73.13347350734702,33.71228330009659,
42,POLYGON,,21,73.13394557613364,33.71135513428979,
42,POLYGON,,22,73.13089858669272,33.71085534854621,
42,POLYGON,,23,73.12926780361167,33.71010566447703,
42,POLYGON,,24,73.12763702053061,33.71064115376568,
42,POLYGON,,25,73.12690745967856,33.71010566447703,
42,POLYGON,,26,73.12716495174399,33.70939167356482,
42,POLYGON,,27,73.1249333538436,33.71178351975494,
42,POLYGON,,28,73.12450420040122,33.71271168093149,
42,POLYGON,,29,73.12364589351645,33.71228330009659,
42,POLYGON,,30,73.12373172420493,33.711497929682295,
42,POLYGON,,31,73.12283050197593,33.711140940755854,
42,POLYGON,,32,73.12261592525473,33.7118906157873,
42,POLYGON,,33,73.1220151104354,33.71274737923793,
42,POLYGON,,34,73.12107097286216,33.71278307752954,
42,POLYGON,,35,73.12094222682944,33.71363983207575,
42,POLYGON,,36,73.12188636440268,33.71571028693735,
42,POLYGON,,37,73.12265884059897,33.71667410234261,
43,POLYGON,,0,73.10270320552817,33.71360413414032,
43,POLYGON,,1,73.11626445430747,33.720743425881714,
43,POLYGON,,2,73.11892520565024,33.71931561502714,
43,POLYGON,,3,73.12218677181235,33.71888726714002,
43,POLYGON,,4,73.12253009456626,33.717102461272034,
43,POLYGON,,5,73.12072765010825,33.712961568764925,
43,POLYGON,,6,73.12124263423911,33.71124803758961,
43,POLYGON,,7,73.11986934322348,33.70974866976292,
43,POLYGON,,8,73.12029849666587,33.70617864100293,
43,POLYGON,,9,73.11789523738852,33.70724966521248,
43,POLYGON,,10,73.11600696224204,33.706821257131324,
43,POLYGON,,11,73.11635028499595,33.705250409218316,
43,POLYGON,,12,73.11489116329184,33.70489339432242,
43,POLYGON,,13,73.11274539607993,33.70232284326783,
43,POLYGON,,14,73.1110287823104,33.701751599253775,
44,POLYGON,,0,73.10319615300637,33.712724481720095,
44,POLYGON,,1,73.11212254460793,33.69701578949456,
44,POLYGON,,2,73.1133241742466,33.69337381886797,
44,POLYGON,,3,73.11684323247414,33.69151706855445,
44,POLYGON,,4,73.11864567693215,33.69151706855445,
44,POLYGON,,5,73.12010479863625,33.69251686216982,
44,POLYGON,,6,73.12113476689797,33.69380229401237,
44,POLYGON,,7,73.12310887273293,33.694516414505344,
44,POLYGON,,8,73.12534047063332,33.694159355000686,
44,POLYGON,,9,73.12911702092629,33.69473064949595,
44,POLYGON,,10,73.13031865056496,33.696515920312834,
44,POLYGON,,11,73.13169194158058,33.69644451019234,
44,POLYGON,,12,73.13280774053078,33.69508770662671,
44,POLYGON,,13,73.13649846013527,33.695444762273816,
44,POLYGON,,14,73.13830090459328,33.69694437978949,
44,POLYGON,,15,73.14164830144387,33.699086645124034,
44,POLYGON,,16,73.1422491162632,33.700514792338346,
44,POLYGON,,17,73.14233494695168,33.70287118333831,
44,POLYGON,,18,73.14164830144387,33.7042992676383,
44,POLYGON,,19,73.13941670354347,33.707369568485724,
44,POLYGON,,20,73.14439488347512,33.70993996850918,
44,POLYGON,,21,73.14722729619484,33.71251029160172,
44,POLYGON,,22,73.14559651311379,33.714723563728015,
44,POLYGON,,23,73.14387989934426,33.71807906103945,
44,POLYGON,,24,73.13907338078957,33.718721588117454,
44,POLYGON,,25,73.13744259770851,33.71957828340778,
44,POLYGON,,26,73.13701344426613,33.7163656319888,
44,POLYGON,,27,73.13589764531594,33.71465216874343,
44,POLYGON,,28,73.13752842839699,33.712724481720095,
44,POLYGON,,29,73.13486767705422,33.711582128248395,
44,POLYGON,,30,73.12894535954933,33.70993996850918,
44,POLYGON,,31,73.12740040715676,33.71058255649468,
44,POLYGON,,32,73.1272287457798,33.708797577996215,
44,POLYGON,,33,73.12448216374855,33.71243889477686,
44,POLYGON,,34,73.12362385686379,33.7110109458138,
44,POLYGON,,35,73.12207890447121,33.711796320681884,
44,POLYGON,,36,73.12070561345558,33.71265308507332,
44,POLYGON,,37,73.12122059758644,33.71136793528063,
44,POLYGON,,38,73.11967564519387,33.71001136741168,
44,POLYGON,,39,73.12053395207863,33.70608433962579,
44,POLYGON,,40,73.11778737004738,33.70708396373441,
44,POLYGON,,41,73.11598492558937,33.70679835803339,
44,POLYGON,,42,73.11649990972023,33.70501330088502,
44,POLYGON,,43,73.11504078801613,33.704870494710505,
44,POLYGON,,44,73.11375332768898,33.703371015543944,
44,POLYGON,,45,73.11238003667336,33.7020857268534,
44,POLYGON,,46,73.1107492535923,33.70180010453283,
44,POLYGON,,47,73.10405445989113,33.71136793528063,
45,POLYGON,,0,73.02655076265795,33.71280245147636,
45,POLYGON,,1,73.04401730776293,33.72208350163182,
45,POLYGON,,2,73.05427407503588,33.70930394915213,
45,POLYGON,,3,73.03676427587632,33.69977246617334,
46,POLYGON,,0,73.04381949762634,33.72227707443069,
46,POLYGON,,1,73.06210143427185,33.73169986208229,
46,POLYGON,,2,73.0718003020697,33.718707566538654,
46,POLYGON,,3,73.05403334955506,33.7090691538963,
47,POLYGON,,0,73.06201560358338,33.7317712428887,
47,POLYGON,,1,73.0827866301947,33.74226357547316,
47,POLYGON,,2,73.08364493707947,33.7406220026764,
47,POLYGON,,3,73.08175666193299,33.73691050489828,
47,POLYGON,,4,73.08879477838806,33.727202751572875,
47,POLYGON,,5,73.07171447138123,33.718564783135804,
48,POLYGON,,0,73.00607726093119,33.72053600987046,
48,POLYGON,,1,73.00856635089701,33.716038314398084,
48,POLYGON,,2,73.01131293292826,33.71371798254146,
48,POLYGON,,3,73.01182791705912,33.71275413395312,
48,POLYGON,,4,73.0113558482725,33.70961262642407,
48,POLYGON,,5,73.01139876361674,33.70811323004441,
48,POLYGON,,6,73.01307246204203,33.70586408639289,
48,POLYGON,,7,73.02706286426371,33.713289606726754,
48,POLYGON,,8,73.02538916583842,33.71496739979431,
48,POLYGON,,9,73.02560374255961,33.717073519151604,
48,POLYGON,,10,73.02277132983988,33.72389128000777,
49,POLYGON,,0,73.02269745744624,33.72378419894432,
49,POLYGON,,1,73.03960610307612,33.7274962645199,
49,POLYGON,,2,73.04385472215571,33.72214227257685,
49,POLYGON,,3,73.02716065324702,33.713111116173245,
49,POLYGON,,4,73.02540112413325,33.71478891272842,
49,POLYGON,,5,73.02561570085444,33.71718060858615,
50,POLYGON,,0,73.03972527968946,33.72745132787599,
50,POLYGON,,1,73.06088254439894,33.73284067858683,
50,POLYGON,,2,73.06199834334913,33.73176997360034,
50,POLYGON,,3,73.04367349135939,33.722168721923175,
51,POLYGON,,0,73.08272645461622,33.74226230634004,
51,POLYGON,,1,73.09156701552931,33.74540261898075,
51,POLYGON,,2,73.0917815922505,33.73687354742739,
51,POLYGON,,3,73.09186742293898,33.73541031604317,
51,POLYGON,,4,73.09375569808546,33.732126876746996,
51,POLYGON,,5,73.09285447585646,33.72902176964921,
51,POLYGON,,6,73.08882043349806,33.727130097609376,
51,POLYGON,,7,73.08173940169874,33.73680217086567,
51,POLYGON,,8,73.08375642287794,33.74058504680445,
52,POLYGON,,0,72.94988641888861,33.652481960639555,
52,POLYGON,,1,72.96653757245306,33.661555208916624,
52,POLYGON,,2,72.97640810162787,33.64812360365557,
52,POLYGON,,3,72.95984277875189,33.63890602357309,
53,POLYGON,,0,72.96657154378734,33.66130517158689,
53,POLYGON,,1,72.97043392476878,33.661805245519716,
53,POLYGON,,2,72.97343799886546,33.6633768875287,
53,POLYGON,,3,72.97618458089671,33.665448553582344,
53,POLYGON,,4,72.97824451742015,33.6668058249806,
53,POLYGON,,5,72.98056194600902,33.66737730126774,
53,POLYGON,,6,72.98519680318675,33.66980603313071,
53,POLYGON,,7,72.98519680318675,33.67123466689676,
53,POLYGON,,8,72.99583980855785,33.65694726143417,
53,POLYGON,,9,72.97609875020824,33.64794497776012,
54,POLYGON,,0,72.96030590352855,33.658590433806374,
54,POLYGON,,1,72.9561001997932,33.66294826073721,
54,POLYGON,,2,72.95404026326976,33.663805512184666,
54,POLYGON,,3,72.94794628438792,33.67273470681089,
54,POLYGON,,4,72.95343944845042,33.67587756274342,
54,POLYGON,,5,72.95807430562816,33.67830605456429,
54,POLYGON,,6,72.95936176595531,33.680805900970554,
55,POLYGON,,0,72.95944759664378,33.6807344777962,
55,POLYGON,,1,72.97163248165224,33.689320795870884,
55,POLYGON,,2,72.98536972418526,33.671188852996046,
55,POLYGON,,3,72.98528389349678,33.669688786119714,
55,POLYGON,,4,72.98064903631905,33.66754578805535,
55,POLYGON,,5,72.97815994635323,33.66690287822467,
55,POLYGON,,6,72.97361091986397,33.66333106944269,
55,POLYGON,,7,72.97017769232491,33.6617594265967,
55,POLYGON,,8,72.96622948065499,33.66161654855067,
55,POLYGON,,9,72.96022133246163,33.65811596230587,
56,POLYGON,,0,72.96237784106197,33.70105407064804,
56,POLYGON,,1,72.94143515307368,33.69019962456134,
56,POLYGON,,2,72.93783026415767,33.68770005131958,
56,POLYGON,,3,72.94821577746333,33.67248679551385,
56,POLYGON,,4,72.95791464526118,33.67834386056337,
56,POLYGON,,5,72.95937376696529,33.68048658956238,
56,POLYGON,,6,72.97181921679439,33.689485468195755,
57,POLYGON,,0,72.93422675625416,33.706337680224706,
57,POLYGON,,1,72.94529891506764,33.692198935250964,
57,POLYGON,,2,72.96255088345143,33.701125181404855,
57,POLYGON,,3,72.95499778286549,33.710478892146526,
58,POLYGON,,0,72.93416736098449,33.70639563768321,
58,POLYGON,,1,72.91760203810851,33.7017543901745,
58,POLYGON,,2,72.90944812270324,33.69889811321862,
58,POLYGON,,3,72.91588542433898,33.691042861958145,
58,POLYGON,,4,72.9220652339093,33.684972403257625,
58,POLYGON,,5,72.93142077895324,33.68611511059267,
58,POLYGON,,6,72.93785808058898,33.687686308374325,
58,POLYGON,,7,72.94523951979797,33.691971247252354,
59,POLYGON,,0,72.92626410674673,33.63990847891977,
59,POLYGON,,1,72.94986754607778,33.65248401042048,
59,POLYGON,,2,72.95999556731802,33.63862224147325,
59,POLYGON,,3,72.94712096404653,33.63140466390064,
59,POLYGON,,4,72.94145613860708,33.63247661960705,
59,POLYGON,,5,72.93931037139517,33.631904911557164,
59,POLYGON,,6,72.93046981048208,33.63583532776248,
60,POLYGON,,0,72.92620611686942,33.6398386726472,
60,POLYGON,,1,72.91315985222099,33.633192900319685,
60,POLYGON,,2,72.92380285759208,33.62032865836212,
60,POLYGON,,3,72.93950987358329,33.63183509879683,
60,POLYGON,,4,72.93024015922782,33.6356940576182,
61,POLYGON,,0,72.91314061361952,33.63322765043512,
61,POLYGON,,1,72.90352757651014,33.64180274101168,
61,POLYGON,,2,72.9077332802455,33.645446895929226,
61,POLYGON,,3,72.91039403158827,33.64959104151057,
61,POLYGON,,4,72.91640217978163,33.64637577349274,
61,POLYGON,,5,72.92532857138319,33.63965904842022,
62,POLYGON,,0,72.91299878708004,33.632953117254246,
62,POLYGON,,1,72.90226995102047,33.62644975024888,
62,POLYGON,,2,72.89978086105465,33.624377145512256,
62,POLYGON,,3,72.90158330551266,33.62116093600297,
62,POLYGON,,4,72.90407239547848,33.61937410106883,
62,POLYGON,,5,72.90699063888668,33.61737280195545,
62,POLYGON,,6,72.90467321029782,33.6163721349703,
62,POLYGON,,7,72.90484487167477,33.61351302242021,
62,POLYGON,,8,72.90493070236325,33.612011950364355,
62,POLYGON,,9,72.91359960189938,33.616300658312504,
62,POLYGON,,10,72.92372762313961,33.620446206475535,
63,POLYGON,,0,72.90338574997067,33.64188551321549,
63,POLYGON,,1,72.90021001449703,33.63781245557611,
63,POLYGON,,2,72.89626180282711,33.636954945207556,
63,POLYGON,,3,72.89171277633785,33.63473967056749,
63,POLYGON,,4,72.88639127365231,33.63195263121156,
63,POLYGON,,5,72.88879453292965,33.62837937190605,
63,POLYGON,,6,72.89197026840328,33.62594947091207,
63,POLYGON,,7,72.8944593583691,33.62280479141792,
63,POLYGON,,8,72.89978086105465,33.62416273527996,
63,POLYGON,,9,72.9025274430859,33.626664154789616,
63,POLYGON,,10,72.913170448457,33.633167505608526,
64,POLYGON,,0,73.0593187356745,33.66863232363172,
64,POLYGON,,1,73.06987591035711,33.65513037868715,
64,POLYGON,,2,73.08747120149481,33.665274895061124,
64,POLYGON,,3,73.07734318025457,33.678418122990976,
65,POLYGON,,0,73.04095096834051,33.659416939976495,
65,POLYGON,,1,73.05116482026922,33.6454133825961,
65,POLYGON,,2,73.06970424898016,33.65484460034233,
65,POLYGON,,3,73.05923290498602,33.66863232363172,
66,POLYGON,,0,73.02447147615301,33.650629259525616,
66,POLYGON,,1,73.03562946565496,33.63640989262796,
66,POLYGON,,2,73.0512506509577,33.645270477410335,
66,POLYGON,,3,73.04103679902899,33.65920261698348,
67,POLYGON,,0,73.00933905150183,33.64318088993734,
67,POLYGON,,1,73.00822325255163,33.63817893759818,
67,POLYGON,,2,73.00890989805944,33.633462544976055,
67,POLYGON,,3,73.01483221556433,33.62703068424983,
67,POLYGON,,4,73.03534575011022,33.636821214682854,
67,POLYGON,,5,73.02461691405065,33.650611825408,
68,POLYGON,,0,72.94703101401458,33.63079786173319,
68,POLYGON,,1,72.97037696128021,33.62636693873873,
68,POLYGON,,2,72.97930335288177,33.62479462095783,
68,POLYGON,,3,72.98754309897552,33.62522343774385,
68,POLYGON,,4,72.99372290854583,33.62479462095783,
68,POLYGON,,5,72.99286460166107,33.62222167542137,
68,POLYGON,,6,72.99595450644622,33.62307933247062,
68,POLYGON,,7,72.99698447470794,33.62036338919499,
68,POLYGON,,8,72.98891638999115,33.61564602110182,
68,POLYGON,,9,72.9920062947763,33.61621783704795,
68,POLYGON,,10,73.01535224204193,33.62679574769881,
68,POLYGON,,11,73.00882910971771,33.633799325236936,
68,POLYGON,,12,73.00831412558685,33.63822986590915,
68,POLYGON,,13,73.00900077109466,33.64294599743875,
68,POLYGON,,14,72.97192191367279,33.626081064912924,
68,POLYGON,,15,72.96848868613372,33.6292256248228,
68,POLYGON,,16,72.96385382895599,33.640516507395006,
69,POLYGON,,0,72.95401371031515,33.615063645643204,
69,POLYGON,,1,72.97186649351828,33.62092461883997,
69,POLYGON,,2,72.97924793272726,33.60798706153755,
69,POLYGON,,3,72.9622534564089,33.59998052865869,
70,POLYGON,,0,72.93521678953879,33.60412686171417,
70,POLYGON,,1,72.95409954100363,33.614849212236365,
70,POLYGON,,2,72.96233928709738,33.59983754810081,
70,POLYGON,,3,72.9446581652712,33.59154427015015,
71,POLYGON,,0,72.93504512816183,33.603840914111224,
71,POLYGON,,1,72.92028224974386,33.596048476939664,
71,POLYGON,,2,72.92989528685324,33.584751767568555,
71,POLYGON,,3,72.9443148425173,33.59161576733303,
72,POLYGON,,0,72.9050121409769,33.61139564070503,
72,POLYGON,,1,72.92063332627963,33.59624038867733,
72,POLYGON,,2,72.93488122056674,33.60396132161859,
72,POLYGON,,3,72.95359231065463,33.61511255983317,
72,POLYGON,,4,72.94878579209994,33.62111647520838,
72,POLYGON,,5,72.94191933702182,33.62025879862153,
72,POLYGON,,6,72.9353962046976,33.62826344810148,
72,POLYGON,,7,72.92372323106478,33.61997290452885,
73,POLYGON,,0,73.11170089066977,33.689445474200234,
73,POLYGON,,1,73.11513411820883,33.685731763712276,
73,POLYGON,,2,73.11719405473227,33.68087513097083,
73,POLYGON,,3,73.12088477433676,33.67666106555693,
73,POLYGON,,4,73.12277304948324,33.6765182122626,
73,POLYGON,,5,73.12345969499106,33.679160959790345,
73,POLYGON,,6,73.12363135636801,33.680660861442306,
73,POLYGON,,7,73.12509047807211,33.68201789277063,
73,POLYGON,,8,73.12500464738363,33.687588639013505,
73,POLYGON,,9,73.12423217118734,33.69187358276094,
73,POLYGON,,10,73.12234389604086,33.694015974520134,
73,POLYGON,,11,73.12045562089438,33.692801959080946,
73,POLYGON,,12,73.11882483781332,33.69144509799981,
73,POLYGON,,13,73.11676490128988,33.69130226927136,
74,POLYGON,,0,73.09135901750082,33.670375296102236,
74,POLYGON,,1,73.10140120805258,33.664303378046796,
74,POLYGON,,2,73.10380446732992,33.661945929654884,
74,POLYGON,,3,73.10371863664145,33.659802738696776,
74,POLYGON,,4,73.1053494197225,33.65944553501348,
74,POLYGON,,5,73.10732352555746,33.660517141614605,
74,POLYGON,,6,73.10783850968832,33.6653749241423,
74,POLYGON,,7,73.11247336686606,33.67023243236602,
74,POLYGON,,8,73.1163357478475,33.677089624016006,
74,POLYGON,,9,73.12079894364828,33.676803918613956,
74,POLYGON,,10,73.11710822404379,33.680660861442306,
74,POLYGON,,11,73.1148766261434,33.686017439446495,
74,POLYGON,,12,73.11152922929281,33.68937405820406,
74,POLYGON,,13,73.11007010758871,33.68915980985947,
74,POLYGON,,14,73.1009720546102,33.68101797702649,
74,POLYGON,,15,73.09539305985922,33.67787530897675,
75,POLYGON,,0,73.08706748307699,33.66468271238321,
75,POLYGON,,1,73.09101569474691,33.670254581752744,
75,POLYGON,,2,73.10105788529867,33.66446840250744,
75,POLYGON,,3,73.1038902980184,33.66168232553908,
75,POLYGON,,4,73.10380446732992,33.659967771790384,
75,POLYGON,,5,73.10560691178793,33.65946768717774,
75,POLYGON,,6,73.10260283769125,33.658967599658574,
75,POLYGON,,7,73.09805381120199,33.65603845725125,
75,POLYGON,,8,73.09530722917074,33.654038010017196,
76,POLYGON,,0,73.10734166342256,33.659962086988344,
76,POLYGON,,1,73.11369313436983,33.657390192133164,
76,POLYGON,,2,73.12107457357881,33.657533077197385,
76,POLYGON,,3,73.12261952597139,33.654818220405886,
76,POLYGON,,4,73.12467946249483,33.65210327796686,
76,POLYGON,,5,73.13103093344209,33.65067432649352,
76,POLYGON,,6,73.13635243612764,33.651674595015876,
76,POLYGON,,7,73.13635243612764,33.655961328441535,
76,POLYGON,,8,73.131374256196,33.65667576325305,
76,POLYGON,,9,73.13240422445772,33.66153376266681,
76,POLYGON,,10,73.13326253134248,33.67039176133931,
76,POLYGON,,11,73.14201726156709,33.67639182281926,
76,POLYGON,,12,73.1339491768503,33.685819645017816,
76,POLYGON,,13,73.13000096518037,33.68724801273422,
76,POLYGON,,14,73.12450780111787,33.68824785601264,
76,POLYGON,,15,73.1258810921335,33.68139155425831,
76,POLYGON,,16,73.12390698629854,33.6805344780884,
76,POLYGON,,17,73.12304867941377,33.676606102986746,
76,POLYGON,,18,73.12081708151338,33.676534676323584,
76,POLYGON,,19,73.11643971640108,33.67674895613507,
76,POLYGON,,20,73.11206235128877,33.66946314298993,
76,POLYGON,,21,73.10759915548799,33.66539139033659,
77,PATH,,0,73.13287620763245,33.663784042744076,
77,PATH,,1,73.14094429234925,33.663355417981144,
77,PATH,,2,73.15253143529358,33.66435553910601,
77,PATH,,3,73.14180259923401,33.6760703778185,
77,PATH,,4,73.13330536107483,33.67028458982997,
77,PATH,,5,73.13287620763245,33.663784042744076,
78,PATH,,0,73.13382034520569,33.66371260543188,
79,PATH,,0,73.13459282140198,33.663926917190466,
80,PATH,,0,73.13279037694397,33.66385547999694,
80,PATH,,1,73.14060096959534,33.66314110479887,
80,PATH,,2,73.15253143529358,33.66428410226841,
80,PATH,,3,73.14171676854554,33.67621323185684,
80,PATH,,4,73.13313369969788,33.67007029391067,
80,PATH,,5,73.13279037694397,33.66385547999694,
81,PATH,,0,73.13776855687561,33.66649861665015,
81,PATH,,1,73.13287620763245,33.663641168060366,
81,PATH,,2,73.15184478978577,33.6644984126033,
81,PATH,,3,73.13776855687561,33.66649861665015,
82,PATH,,0,72.97974435045955,33.710423827490516,
82,PATH,,1,73.0059227104449,33.72056182023286,
82,PATH,,2,73.00884095385311,33.7157071561696,
82,PATH,,3,73.01167336657284,33.71292273967824,
82,PATH,,4,73.01124421313045,33.70799624316377,
82,PATH,,5,73.01296082689998,33.70571139523232,
82,PATH,,6,72.99073067858455,33.69442906766678,
82,PATH,,7,72.97974435045955,33.710423827490516,
83,PATH,,0,73.11963520669457,33.7465946025681,
83,PATH,,1,73.12160931252953,33.74445352254245,
83,PATH,,2,73.14632855081078,33.7453099609669,
83,PATH,,3,73.15456829690453,33.73938608687533,
83,PATH,,4,73.15422497415062,33.736388307951614,
83,PATH,,5,73.15534077310082,33.73460386600153,
83,PATH,,6,73.16718540811058,33.73496075736066,
83,PATH,,7,73.17353687905785,33.73681656849704,
83,PATH,,8,73.16924534463402,33.737244826904686,
83,PATH,,9,73.16572628640648,33.74159866602924,
83,PATH,,10,73.17036114358422,33.75094796710988,
83,PATH,,11,73.15920315408226,33.75066250735349,
83,PATH,,12,73.15257451481638,33.75145897134738,
83,PATH,,13,73.14836881108103,33.75145897134738,
83,PATH,,14,73.14459226078806,33.75131624243857,
83,PATH,,15,73.14236066288767,33.75324306266111,
83,PATH,,16,73.13429257817087,33.752957610545586,
83,PATH,,17,73.12399289555368,33.74610647467512,
83,PATH,,18,73.11963520669457,33.7465946025681,
84,PATH,,0,73.10048413802794,33.72350805697571,
84,PATH,,1,73.1123287730377,33.72907611304747,
84,PATH,,2,73.10632062484434,33.737356143704986,
84,PATH,,3,73.1053764872711,33.74542126730127,
84,PATH,,4,73.09885335494688,33.74692001202,
84,PATH,,5,73.09138608504942,33.74542126730127,
84,PATH,,6,73.09207273055723,33.73571447699642,
84,PATH,,7,73.09370351363829,33.732359669082534,
84,PATH,,8,73.092931037442,33.72907611304747,
84,PATH,,9,73.09636426498106,33.72807674496788,
84,PATH,,10,73.10048413802794,33.72350805697571,
85,POLYGON,,0,73.10006909782841,33.72319299202657,
85,POLYGON,,1,73.11225705559208,33.7289752181126,
85,POLYGON,,2,73.1147461455579,33.726726620924445,
85,POLYGON,,3,73.11813645775273,33.72651246573861,
85,POLYGON,,4,73.12139802391484,33.72222924980631,
85,POLYGON,,5,73.1222563307996,33.7203731231916,
85,POLYGON,,6,73.12221341545536,33.71883821894473,
85,POLYGON,,7,73.11895184929325,33.719373653775584,
85,POLYGON,,8,73.11633401329472,33.72076576870708,
85,POLYGON,,9,73.10616307671025,33.71558984272214,
86,PATH,,0,73.10551230701452,33.74510177153422,
86,PATH,,1,73.10688559803015,33.742746539571364,
86,PATH,,2,73.11752860340124,33.74146184033215,
86,PATH,,3,73.11718528064733,33.73746487520553,
86,PATH,,4,73.11787192615515,33.73625147394384,
86,PATH,,5,73.11538283618933,33.73325358548724,
86,PATH,,6,73.12001769336706,33.72732887883948,
86,PATH,,7,73.11898772510534,33.725615634412804,
86,PATH,,8,73.118386910286,33.72682918608117,
86,PATH,,9,73.11503951343542,33.72690057093905,
86,PATH,,10,73.11203543933874,33.729042089066006,
86,PATH,,11,73.10611312183386,33.737750378890624,
86,PATH,,12,73.10551230701452,33.74510177153422,
87,POLYGON,,0,73.11756770265802,33.74154833424895,
87,POLYGON,,1,73.1216875757049,33.744260451784726,
87,POLYGON,,2,73.14606349123224,33.74547373975992,
87,POLYGON,,3,73.15438906801447,33.739407128250555,
87,POLYGON,,4,73.15395991457208,33.736337973114196,
87,POLYGON,,5,73.15559069765314,33.7340538794273,
87,POLYGON,,6,73.13730876100763,33.72384609278727,
87,POLYGON,,7,73.13404719484552,33.72099055054285,
87,POLYGON,,8,73.12889735353693,33.720490820883654,
87,POLYGON,,9,73.12443415773615,33.718206305395384,
87,POLYGON,,10,73.12220255983576,33.71863465668015,
87,POLYGON,,11,73.12211672914728,33.72034804044667,
87,POLYGON,,12,73.1191126550506,33.72570214430499,
87,POLYGON,,13,73.12014262331232,33.72748677137506,
87,POLYGON,,14,73.11550776613458,33.73334008768002,
87,POLYGON,,15,73.11782519472345,33.7361238419142,
87,POLYGON,,16,73.11731021059259,33.737765500789486,
88,POLYGON,,0,73.0916468347381,33.745188261780484,
88,POLYGON,,1,73.0985991205047,33.74690111540311,
88,POLYGON,,2,73.10537974489435,33.74540237035414,
88,POLYGON,,3,73.10632388246759,33.73762274909088,
88,POLYGON,,4,73.11198870790705,33.729199978449635,
88,POLYGON,,5,73.1000582422088,33.72341776750648,
88,POLYGON,,6,73.09662501466974,33.7279864603047,
88,POLYGON,,7,73.09302012575372,33.729057212499704,
88,POLYGON,,8,73.09387843263849,33.7324835297451,
88,POLYGON,,9,73.09190432680353,33.73598108748393,
89,POLYGON,,0,73.10537974489435,33.745188261780484,
89,POLYGON,,1,73.10683886659845,33.742690288926916,
89,POLYGON,,2,73.11773936403497,33.74154833424895,
89,POLYGON,,3,73.11713854921564,33.73769412496987,
89,POLYGON,,4,73.11791102541193,33.7361238419142,
89,POLYGON,,5,73.11542193544611,33.7332687081787,
89,POLYGON,,6,73.12005679262384,33.72727261808604,
89,POLYGON,,7,73.11894099367365,33.725844915836205,
89,POLYGON,,8,73.11834017885431,33.726987079536066,
89,POLYGON,,9,73.11464945924982,33.726772925000134,
89,POLYGON,,10,73.11198870790705,33.728914446312245,
89,POLYGON,,11,73.10615222109064,33.73755137315249,
90,POLYGON,,0,72.98034213103179,33.70970207086409,
90,POLYGON,,1,73.00574801482085,33.72112517180762,
90,POLYGON,,2,73.00900958098296,33.71484265435643,
90,POLYGON,,3,73.01227114714507,33.71284357512111,
90,POLYGON,,4,73.0110695175064,33.70798847464939,
90,POLYGON,,5,73.01295779265288,33.70570362651128,
90,POLYGON,,6,72.99098513640288,33.69442129792542,
91,POLYGON,,0,73.05711468419953,33.732106726101115,
91,POLYGON,,1,73.05453976354524,33.73489052035061,
91,POLYGON,,2,73.04904659948274,33.73831660466825,
91,POLYGON,,3,73.04724415502473,33.74217078597979,
91,POLYGON,,4,73.0469866629593,33.74466877396328,
91,POLYGON,,5,73.05917462072297,33.747594895928174,
91,POLYGON,,6,73.06114872655793,33.746952585024864,
91,POLYGON,,7,73.07254447976037,33.74602684465293,
92,POLYGON,,0,73.05718078652306,33.7320373964452,
92,POLYGON,,1,73.06104316750451,33.73303671840044,
92,POLYGON,,2,73.06207313576623,33.73160911204447,
92,POLYGON,,3,73.08318748513146,33.742030092244484,
92,POLYGON,,4,73.0768360141842,33.74624095113305,
92,POLYGON,,5,73.07245864907189,33.74581273763825,
93,POLYGON,,0,73.01855791508582,33.72304570850646,
93,POLYGON,,1,73.01821459233192,33.7299700685153,
93,POLYGON,,2,73.03718317448524,33.732753932083774,
93,POLYGON,,3,73.04035890995887,33.732753932083774,
93,POLYGON,,4,73.04138887822059,33.728256876814314,
94,POLYGON,,0,72.97660590835198,33.71085883410542,
94,POLYGON,,1,72.97300101943597,33.71557098391767,
94,POLYGON,,2,72.97094108291253,33.71856949006832,
94,POLYGON,,3,72.97420264907464,33.723995092132995,
94,POLYGON,,4,72.97815086074456,33.72528005292028,
94,POLYGON,,5,72.98106910415277,33.72299566488788,
94,POLYGON,,6,72.98982383437738,33.72870652097118,
94,POLYGON,,7,72.99360038467034,33.72599391171208,
94,POLYGON,,8,72.99737693496331,33.72271011210905,
94,POLYGON,,9,72.99548865981683,33.71871227346334,
94,POLYGON,,10,72.99428703017816,33.71628492345212,
94,POLYGON,,11,72.97952415176019,33.710287646859996,
95,POLYGON,,0,72.95514823623284,33.7104304440275,
95,POLYGON,,1,72.97025443740472,33.71885505662091,
95,POLYGON,,2,72.97660590835198,33.710716037650236,
95,POLYGON,,3,72.97969581313714,33.7104304440275,
95,POLYGON,,4,72.96218635268792,33.70157657065631,
96,POLYGON,,0,72.99018576888582,33.72823686177812,
96,POLYGON,,1,73.01825240401766,33.729950053878696,
96,POLYGON,,2,73.01868155746004,33.722811527834835,
96,POLYGON,,3,73.00632193831942,33.72074124422527,
96,POLYGON,,4,72.99447730330965,33.7161007720045,
96,POLYGON,,5,72.99748137740633,33.72274013957603,
97,POLYGON,,0,73.2104549412559,33.72878467168365,
97,POLYGON,,1,73.22899436996684,33.74106171423404,
97,POLYGON,,2,73.21543312118754,33.75347972542298,
97,POLYGON,,3,73.20908165024028,33.75619146563523,
97,POLYGON,,4,73.19380378769145,33.74691410445423,
97,POLYGON,,5,73.19380378769145,33.73706473046372,
97,POLYGON,,6,73.20530509994731,33.726072064894694,
98,POLYGON,,0,73.19328880356059,33.74634315713421,
98,POLYGON,,1,73.17337608383403,33.73649371757979,
98,POLYGON,,2,73.17938423202739,33.726072064894694,
98,POLYGON,,3,73.18865394638286,33.71093700106717,
98,POLYGON,,4,73.20599174545512,33.72635760648894,
98,POLYGON,,5,73.19346046493754,33.736779224496836,
99,POLYGON,,0,73.1555233006309,33.733638596152964,
99,POLYGON,,1,73.16702461288676,33.73520892469536,
99,POLYGON,,2,73.17406272934184,33.73649371757979,
99,POLYGON,,3,73.18899726913676,33.711079797154945,
99,POLYGON,,4,73.1665096287559,33.70651020457618,
99,POLYGON,,5,73.14299202011333,33.7007978719565,
99,POLYGON,,6,73.14179039047465,33.70336846864435,
99,POLYGON,,7,73.13955879257426,33.70736702170468,
99,POLYGON,,8,73.1474552159141,33.71236495125981,
99,POLYGON,,9,73.14436531112895,33.71793373012364,
99,POLYGON,,10,73.13681221054301,33.71964712787923,
99,POLYGON,,11,73.1390438084434,33.72278826828174,
99,POLYGON,,12,73.13887214706645,33.72521543441209,
100,POLYGON,,0,73.09724286188194,33.651610740426,
100,POLYGON,,1,73.14050152887413,33.59271796231265,
100,POLYGON,,2,73.17826703180381,33.610447207284594,
100,POLYGON,,3,73.1720872222335,33.625314085636525,
100,POLYGON,,4,73.188566714421,33.6344616589791,
100,POLYGON,,5,73.20229962457725,33.6344616589791,
100,POLYGON,,6,73.20092633356163,33.64360826083198,
100,POLYGON,,7,73.1611008941085,33.64932439359771,
100,POLYGON,,8,73.14874127496788,33.6647560560204,
100,POLYGON,,9,73.133635073796,33.665327545925074,
100,POLYGON,,10,73.13088849176475,33.656183251880606,
100,POLYGON,,11,73.1363145472554,33.65592453447693,
100,POLYGON,,12,73.13648620863235,33.65170924655582,
100,POLYGON,,13,73.1311647059468,33.65035173700483,
100,POLYGON,,14,73.12429825086868,33.652280823119234,
100,POLYGON,,15,73.12086502332961,33.657710611147984,
100,POLYGON,,16,73.11365524549758,33.6576391687929,
100,POLYGON,,17,73.10696045179641,33.660211056206315,
100,POLYGON,,18,73.10352722425735,33.6593537689434,
100,POLYGON,,19,73.09494415540969,33.65420986599631,
101,POLYGON,,0,73.07291961533461,33.52445971917171,
101,POLYGON,,1,73.16802001816664,33.557367726313274,
101,POLYGON,,2,73.1817529283229,33.53562122997755,
101,POLYGON,,3,73.17831970078383,33.51301051922741,
101,POLYGON,,4,73.16115356308852,33.52016644677641,
101,POLYGON,,5,73.12235809189711,33.49583387831065,
102,POLYGON,,0,73.14181174027146,33.70028685776975,
102,POLYGON,,1,73.15331305252732,33.70292887453905,
102,POLYGON,,2,73.15580214249314,33.69050354774617,
102,POLYGON,,3,73.1537422059697,33.6888609850422,
102,POLYGON,,4,73.14945067154588,33.68243326401827,
102,POLYGON,,5,73.14069594132127,33.6782192749749,
102,POLYGON,,6,73.13374365555467,33.68593286062661,
102,POLYGON,,7,73.12490309464158,33.68843248526099,
102,POLYGON,,8,73.12438811051072,33.69178900970374,
102,POLYGON,,9,73.12215651261033,33.69400281578043,
102,POLYGON,,10,73.12305773483934,33.694609817161336,
102,POLYGON,,11,73.12541807877244,33.69400281578043,
102,POLYGON,,12,73.12928045975389,33.694859757660126,
102,POLYGON,,13,73.13026751267137,33.696430795576894,
102,POLYGON,,14,73.1317695497197,33.69650220570881,
102,POLYGON,,15,73.13284243332566,33.69503828614271,
102,POLYGON,,16,73.13670481430711,33.6954310474988,
102,POLYGON,,17,73.1418546556157,33.69921574674288,
103,POLYGON,,0,73.14091576871836,33.678219296137705,
103,POLYGON,,1,73.14383401212656,33.67407652932188,
103,POLYGON,,2,73.17001237211191,33.68800400450385,
103,POLYGON,,3,73.16649331388437,33.69328195222073,
103,POLYGON,,4,73.1627167635914,33.70534986423993,
103,POLYGON,,5,73.15336121854746,33.702850731700714,
103,POLYGON,,6,73.1557644778248,33.69049680872925,
103,POLYGON,,7,73.15353287992441,33.68856857959065,
103,POLYGON,,8,73.14949883756601,33.68206941463531,
104,POLYGON,,0,73.1627167635914,33.70549266961744,
104,POLYGON,,1,73.18898095426523,33.710919098025876,
104,POLYGON,,2,73.19636239347422,33.71370357948829,
104,POLYGON,,3,73.19404496488535,33.70899132719938,
104,POLYGON,,4,73.19370164213144,33.70534986423993,
104,POLYGON,,5,73.19061173734629,33.7025651119237,
104,POLYGON,,6,73.17009820280039,33.68785440967211,
104,POLYGON,,7,73.16632165250742,33.69321053941262,
105,POLYGON,,0,73.18923844633066,33.710919098025876,
105,POLYGON,,1,73.20588959989512,33.72633970666311,
105,POLYGON,,2,73.21927918729746,33.73419172985111,
105,POLYGON,,3,73.21790589628183,33.72776740068209,
105,POLYGON,,4,73.21309937772715,33.72391257232538,
105,POLYGON,,5,73.2103527956959,33.72020035175913,
106,POLYGON,,0,73.13361152940037,33.664187484800635,
106,POLYGON,,1,73.13292488389256,33.66975938624792,
106,POLYGON,,2,73.14150795274021,33.676330908642015,
106,POLYGON,,3,73.14391121201756,33.673759503160646,
106,POLYGON,,4,73.16502556138279,33.68533022227304,
106,POLYGON,,5,73.1708620481992,33.678473687805315,
106,POLYGON,,6,73.16725715928318,33.67590234640151,
106,POLYGON,,7,73.17034706406834,33.67304521021443,
106,POLYGON,,8,73.16519722275974,33.66633056653138,
106,POLYGON,,9,73.1602190428281,33.665044723899676,
106,POLYGON,,10,73.16056236558201,33.66175859429821,
106,POLYGON,,11,73.16433891587498,33.66047268332976,
106,POLYGON,,12,73.1624506407285,33.65761503459202,
106,POLYGON,,13,73.15627083115818,33.654614401276916,
106,POLYGON,,14,73.14940437608006,33.664187484800635,
107,POLYGON,,0,73.19094642930271,33.7023263553687,
107,POLYGON,,1,73.19712623887303,33.69275751748531,
107,POLYGON,,2,73.20519432358982,33.688758284434556,
107,POLYGON,,3,73.18562492661717,33.676902321640114,
107,POLYGON,,4,73.16983207993748,33.67290235091326,
107,POLYGON,,5,73.16760048203709,33.67590234640151,
107,POLYGON,,6,73.17137703233006,33.6786165378509,
107,POLYGON,,7,73.16485390000584,33.684901704889775,
108,POLYGON,,0,73.19661125474217,33.71429962113911,
108,POLYGON,,1,73.21051582627537,33.720296617518926,
108,POLYGON,,2,73.21343406968357,33.724151608270105,
108,POLYGON,,3,73.21789726548435,33.727292583838434,
108,POLYGON,,4,73.22665199570896,33.72015383675896,
108,POLYGON,,5,73.23540672593357,33.71572751541437,
108,POLYGON,,6,73.21944221787693,33.70087625433366,
108,POLYGON,,7,73.21085914902928,33.69444943195561,
108,POLYGON,,8,73.20502266221287,33.688879130385395,
108,POLYGON,,9,73.1954096251035,33.69287835781276,
108,POLYGON,,10,73.19077476792576,33.702161561120136,
108,POLYGON,,11,73.19403633408787,33.70558895186699,
109,POLYGON,,0,73.19513169966855,33.68281624769428,
109,POLYGON,,1,73.19444505416074,33.68053073012902,
109,POLYGON,,2,73.20294229231992,33.68053073012902,
109,POLYGON,,3,73.20551721297421,33.67167377569484,
109,POLYGON,,4,73.21899263106503,33.67867370236865,
109,POLYGON,,5,73.22397081099668,33.683887563136864,
109,POLYGON,,6,73.22671739302793,33.68960102000866,
109,POLYGON,,7,73.23761789046445,33.700955387968996,
109,POLYGON,,8,73.24774591170468,33.70623929913023,
109,POLYGON,,9,73.23538629256406,33.71573524128293,
109,POLYGON,,10,73.21907846175351,33.700384134861864,
109,POLYGON,,11,73.20534555159726,33.68874402568895,
110,POLYGON,,0,73.20457307540097,33.67194216072482,
110,POLYGON,,1,73.21264116011777,33.66179843056016,
110,POLYGON,,2,73.21710435591855,33.66022675971645,
110,POLYGON,,3,73.21504441939511,33.65065323552573,
110,POLYGON,,4,73.2085212870709,33.64465137881077,
110,POLYGON,,5,73.20028154097714,33.64765235947654,
110,POLYGON,,6,73.19633332930722,33.64565171732314,
110,POLYGON,,7,73.18706361495175,33.64536590750569,
110,POLYGON,,8,73.16079942427793,33.64893846202235,
110,POLYGON,,9,73.156851212608,33.65436846092048,
110,POLYGON,,10,73.16165773116269,33.65751198791041,
110,POLYGON,,11,73.16440431319394,33.66151267436038,
110,POLYGON,,12,73.16045610152402,33.66265569346484,
110,POLYGON,,13,73.16011277877011,33.66522743092651,
110,POLYGON,,14,73.1652626200787,33.66708474905794,
110,POLYGON,,15,73.17092744551816,33.672942182014665,
110,POLYGON,,16,73.18569032393613,33.676656444996745,
110,POLYGON,,17,73.19324342452207,33.681370470820475,
111,POLYGON,,0,73.19381664392289,33.6808669313474,
111,POLYGON,,1,73.20342968103226,33.6808669313474,
111,POLYGON,,2,73.20531795617875,33.6712957040671,
112,POLYGON,,0,73.20566127893265,33.6712957040671,
112,POLYGON,,1,73.22265575525101,33.682295381359964,
112,POLYGON,,2,73.22711895105179,33.689151611026276,
112,POLYGON,,3,73.23741863366898,33.70143432142017,
112,POLYGON,,4,73.24874828454789,33.70657539978179,
112,POLYGON,,5,73.26402614709671,33.695578829644084,
112,POLYGON,,6,73.27569912072953,33.69015143216031,
112,POLYGON,,7,73.27089260217484,33.67929560892078,
112,POLYGON,,8,73.27123592492875,33.66815268068839,
112,POLYGON,,9,73.26797435876664,33.66058038002242,
112,POLYGON,,10,73.2384486019307,33.654436325601246,
112,POLYGON,,11,73.23450039026078,33.646719914976906,
112,POLYGON,,12,73.22179744836625,33.639431558666885,
112,POLYGON,,13,73.21493099328812,33.634429388526996,
112,POLYGON,,14,73.20222805139359,33.633571844472144,
112,POLYGON,,15,73.19982479211625,33.643290177098905,
112,POLYGON,,16,73.19089840051468,33.645147968743814,
112,POLYGON,,17,73.20102642175492,33.64729152467231,
112,POLYGON,,18,73.20806453821,33.64457634481525,
112,POLYGON,,19,73.21578930017289,33.65072110313607,
112,POLYGON,,20,73.21733425256546,33.66029461977712,
112,POLYGON,,21,73.21201274987992,33.66186628938126,
113,POLYGON,,0,73.14173294610674,33.591608887004384,
113,POLYGON,,1,73.17091538018877,33.555566793997464,
113,POLYGON,,2,73.17743851251299,33.54469400326825,
113,POLYGON,,3,73.22742142242701,33.55806272220127,
113,POLYGON,,4,73.20888199371608,33.602682757524505,
113,POLYGON,,5,73.20201553863795,33.61240457460021,
113,POLYGON,,6,73.1772963003567,33.61068903948448,
114,POLYGON,,0,73.17798294586451,33.61126088831665,
114,POLYGON,,1,73.17214645904811,33.62469824372376,
114,POLYGON,,2,73.18862595123561,33.63384588246152,
114,POLYGON,,3,73.20407547516139,33.634417577627794,
114,POLYGON,,4,73.21609177154811,33.63527511326175,
114,POLYGON,,5,73.23463120025905,33.6461364921941,
114,POLYGON,,6,73.24218430084498,33.6312732072526,
114,POLYGON,,7,73.25008072418483,33.62469824372376,
114,POLYGON,,8,73.2322279409817,33.608973470226694,
114,POLYGON,,9,73.20922531646998,33.60182489750371,
114,POLYGON,,10,73.20235886139186,33.61240457460021,
115,POLYGON,,0,73.2102552847317,33.60182489750371,
115,POLYGON,,1,73.2322279409817,33.60868753869777,
115,POLYGON,,2,73.25282730621608,33.60868753869777,
115,POLYGON,,3,73.25694717926295,33.59238787402802,
115,POLYGON,,4,73.26381363434108,33.576085128865685,
115,POLYGON,,5,73.25626053375514,33.56721743060763,
116,POLYGON,,0,73.22707809967311,33.55834882152833,
116,POLYGON,,1,73.2099119619778,33.600967028948524,
116,POLYGON,,2,73.25626053375514,33.56635921792113,
117,POLYGON,,0,73.23428787750514,33.60925940080726,
117,POLYGON,,1,73.25008072418483,33.62526999960375,
117,POLYGON,,2,73.2428709463528,33.631559063848336,
117,POLYGON,,3,73.23428787750514,33.645564874829205,
117,POLYGON,,4,73.2377211050442,33.65413873675765,
117,POLYGON,,5,73.26724686188014,33.66071145249706,
117,POLYGON,,6,73.27685989898951,33.656424955696,
117,POLYGON,,7,73.28509964508326,33.6415634470028,
117,POLYGON,,8,73.28200974029811,33.63584679894076,
117,POLYGON,,9,73.26896347564967,33.634989268999156,
117,POLYGON,,10,73.24905075592311,33.62526999960375,
117,POLYGON,,11,73.2432142691067,33.631559063848336,
117,POLYGON,,12,73.23428787750514,33.6461364921941,
117,POLYGON,,13,73.2377211050442,33.65442451744646,
118,POLYGON,,0,73.23394455475123,33.60954533043946,
118,POLYGON,,1,73.25008072418483,33.626413499980636,
118,POLYGON,,2,73.26930679840358,33.63584679894076,
118,POLYGON,,3,73.28200974029811,33.63584679894076,
118,POLYGON,,4,73.28578629059108,33.642420911478624,
118,POLYGON,,5,73.29299606842311,33.63641848082479,
118,POLYGON,,6,73.30054916900905,33.60382655760964,
118,POLYGON,,7,73.28853287262233,33.58609595141337,
118,POLYGON,,8,73.27754654449733,33.58781197581636,
118,POLYGON,,9,73.26415695709498,33.576657207151015,
118,POLYGON,,10,73.25282730621608,33.60697192960868,
119,POLYGON,,0,73.20929477397802,33.75648090805982,
119,POLYGON,,1,73.25358340923192,33.77931313523537,
119,POLYGON,,2,73.30370853130223,33.74049472977663,
119,POLYGON,,3,73.25530002300145,33.72050781668762,
119,POLYGON,,4,73.2357306260288,33.715367572367796,
119,POLYGON,,5,73.21822116557958,33.727360997022124,
119,POLYGON,,6,73.22096774761083,33.73507017081778,
119,POLYGON,,7,73.22817752544286,33.74135120773049,
120,POLYGON,,0,73.2357306260288,33.71508199421525,
120,POLYGON,,1,73.25598666850927,33.7210789359476,
120,POLYGON,,2,73.30576846782567,33.74135120773049,
120,POLYGON,,3,73.34387729350927,33.71422525405856,
120,POLYGON,,4,73.36276004497411,33.72079337679257,
120,POLYGON,,5,73.38267276470067,33.71422525405856,
120,POLYGON,,6,73.37065646831395,33.70194437248941,
120,POLYGON,,7,73.30782840434911,33.660804914973795,
120,POLYGON,,8,73.29546878520848,33.640799458190195,
120,POLYGON,,9,73.28482577983739,33.64222857358647,
120,POLYGON,,10,73.27727267925145,33.658518812403344,
120,POLYGON,,11,73.26834628764989,33.661947943481096,
120,POLYGON,,12,73.27212283794286,33.66852006269432,
120,POLYGON,,13,73.27074954692723,33.681662794704565,
120,POLYGON,,14,73.27486941997411,33.69023305940543,
120,POLYGON,,15,73.24946353618505,33.70679981462863,
121,POLYGON,,0,73.25194689279124,33.77920124207872,
121,POLYGON,,1,73.22722765450999,33.78662041561133,
121,POLYGON,,2,73.19289537911936,33.78376696339125,
121,POLYGON,,3,73.16336962228343,33.778059773721296,
121,POLYGON,,4,73.13109728341624,33.791185741391686,
121,POLYGON,,5,73.10431810861155,33.79575082374659,
121,POLYGON,,6,73.05556627755686,33.776347542664226,
121,POLYGON,,7,73.0246672297053,33.767215065702004,
121,POLYGON,,8,72.9642424250178,33.74894719181009,
121,POLYGON,,9,72.89214464669749,33.73524373192533,
121,POLYGON,,10,72.86605211740061,33.7243936070109,
121,POLYGON,,11,72.84476610665843,33.7249647004175,
121,POLYGON,,12,72.8159269953303,33.71754018975218,
121,POLYGON,,13,72.81455370431468,33.70783024541105,
121,POLYGON,,14,72.84957262521311,33.676408198489426,
121,POLYGON,,15,72.90999742990061,33.69926173571214,
121,POLYGON,,16,72.95587608053611,33.71206152511695,
121,POLYGON,,17,72.9716689272158,33.71948650957762,
122,POLYGON,,0,73.10213307018076,33.74732448177431,
122,POLYGON,,1,73.10556629771982,33.745468897965935,
122,POLYGON,,2,73.10728291148935,33.74261407524983,
122,POLYGON,,3,73.11792591686044,33.74204309930391,
122,POLYGON,,4,73.12170246715341,33.74389875723122,
122,POLYGON,,5,73.11947086925302,33.74661080044551,
122,POLYGON,,6,73.12444904918466,33.74589711317751,
122,POLYGON,,7,73.1349203931788,33.752890992299434,
122,POLYGON,,8,73.14281681651865,33.753176444636765,
122,POLYGON,,9,73.1444475995997,33.751035528942154,
122,POLYGON,,10,73.15457562083994,33.7514637163576,
122,POLYGON,,11,73.1620428907374,33.750750069477256,
122,POLYGON,,12,73.17071179027353,33.75110689365987,
122,POLYGON,,13,73.16564777965341,33.74161486485018,
122,POLYGON,,14,73.16908100719247,33.737046897651645,
122,POLYGON,,15,73.17388752574716,33.736618638255976,
122,POLYGON,,16,73.19105366344247,33.74525478955837,
122,POLYGON,,17,73.25225094432626,33.77907728726582,
122,POLYGON,,18,73.14496258373056,33.75581683370346,
123,POLYGON,,0,73.1164296898781,33.748543249348366,
123,POLYGON,,1,73.12140786980974,33.74454661420915,
123,POLYGON,,2,73.1464704308449,33.7459740052827,
123,POLYGON,,3,73.1545385155617,33.739407809648064,
123,POLYGON,,4,73.1545385155617,33.73641003148344,
123,POLYGON,,5,73.15591180657732,33.73355490727172,
123,POLYGON,,6,73.17324960564959,33.73619590046328,
123,POLYGON,,7,73.16895807122576,33.73698104492438,
123,POLYGON,,8,73.1658681664406,33.74169176079449,
123,POLYGON,,9,73.17058885430681,33.751041051726915,
123,POLYGON,,10,73.15925920342791,33.75068422727032,
123,POLYGON,,11,73.15273607110369,33.751611967768945,
123,POLYGON,,12,73.14458215569842,33.751041051726915,
123,POLYGON,,13,73.14286554192888,33.75303924124298,
123,POLYGON,,14,73.13462579583513,33.75296787813353,
123,POLYGON,,15,73.12458360528338,33.746188111894746,
124,POLYGON,,0,72.81525482984175,33.7067641487483,
124,POLYGON,,1,72.80547013135542,33.702194326552444,
124,POLYGON,,2,72.78899063916792,33.703336804893816,
124,POLYGON,,3,72.80289521070112,33.68491248888362,
124,POLYGON,,4,72.81714310498823,33.665341254816234,
124,POLYGON,,5,72.84993042798628,33.67562742221311,
125,POLYGON,,0,72.87496079880056,33.6847273439657,
125,POLYGON,,1,72.89109083363016,33.68258982540414,
125,POLYGON,,2,72.88559766956766,33.67630448934672,
125,POLYGON,,3,72.88834425159891,33.67444737030805,
125,POLYGON,,4,72.89435239979227,33.67473308353992,
125,POLYGON,,5,72.9019055003782,33.678732969110015,
125,POLYGON,,6,72.90860029407938,33.678732969110015,
125,POLYGON,,7,72.92198988148172,33.68458960869803,
125,POLYGON,,8,72.9096302623411,33.69858678908279,
125,POLYGON,,9,72.87907453724344,33.68758919641098,
126,POLYGON,,0,72.9067120189329,33.67837584403469,
126,POLYGON,,1,72.90877195545633,33.675375934840815,
126,POLYGON,,2,72.91151853748758,33.67416165612691,
126,POLYGON,,3,72.91306348988016,33.67094730617937,
126,POLYGON,,4,72.91303871185089,33.66824980992544,
127,POLYGON,,0,72.90660141021515,33.67853562947722,
127,POLYGON,,1,72.90874717742706,33.67860705447823,
127,POLYGON,,2,72.92265174896026,33.684820802430934,
127,POLYGON,,3,72.93758628875518,33.68774896472963,
127,POLYGON,,4,72.94771430999542,33.67232142726949,
127,POLYGON,,5,72.93303726226593,33.66646395203663,
127,POLYGON,,6,72.918102722471,33.66189198689245,
127,POLYGON,,7,72.91286705047393,33.66810694265879,
128,POLYGON,,0,72.91813347115101,33.66188453012026,
128,POLYGON,,1,72.91015121712269,33.64881022557437,
128,POLYGON,,2,72.91942093147816,33.644594589219146,
128,POLYGON,,3,72.92542907967152,33.63959271900811,
128,POLYGON,,4,72.96010467781605,33.65824107112711,
128,POLYGON,,5,72.9558989740807,33.66302754428443,
128,POLYGON,,6,72.9536673761803,33.663884794941836,
128,POLYGON,,7,72.94791672005238,33.67231397140135,
129,POLYGON,,0,72.87071626613609,33.58890029453684,
129,POLYGON,,1,72.89114396999351,33.56501618890162,
129,POLYGON,,2,72.92959611843101,33.58503924033841,
129,POLYGON,,3,72.92010323084116,33.59689359113945,
129,POLYGON,,4,72.9111768392396,33.589601019446924,
129,POLYGON,,5,72.91255013025523,33.58230783125444,
129,POLYGON,,6,72.90053383386851,33.577874415633225,
129,POLYGON,,7,72.89504066980601,33.58030567175649,
129,POLYGON,,8,72.88765923059702,33.58573999660726,
129,POLYGON,,9,72.87941948450327,33.586884021387824,
130,POLYGON,,0,72.87083641565562,33.5888860282534,
130,POLYGON,,1,72.87856117761851,33.59389084216822,
130,POLYGON,,2,72.88233772791148,33.59818045155426,
130,POLYGON,,3,72.88594261682749,33.6004681559918,
130,POLYGON,,4,72.88954750574351,33.59803746801195,
130,POLYGON,,5,72.8972722677064,33.59632164701401,
130,POLYGON,,6,72.89813057459116,33.59188895144584,
130,POLYGON,,7,72.89504066980601,33.58202181131296,
130,POLYGON,,8,72.89160744226695,33.58287986829337,
130,POLYGON,,9,72.88697258508921,33.58602600422447,
131,POLYGON,,0,72.88645760095835,33.601040072618765,
131,POLYGON,,1,72.90499702966929,33.61147688476057,
131,POLYGON,,2,72.9195882467103,33.59675060546367,
131,POLYGON,,3,72.9108335164857,33.589601019446924,
131,POLYGON,,4,72.91237846887827,33.58287986829337,
131,POLYGON,,5,72.9001905111146,33.577445363325424,
131,POLYGON,,6,72.89298073328257,33.58230783125444,
131,POLYGON,,7,72.89813057459116,33.59203194518102,
131,POLYGON,,8,72.89624229944468,33.59675060546367,
131,POLYGON,,9,72.88903252161265,33.59818045155426,
132,POLYGON,,0,72.85808406162738,33.61168038924928,
132,POLYGON,,1,72.8671821146059,33.61625502107033,
132,POLYGON,,2,72.87336192417621,33.617398641087526,
132,POLYGON,,3,72.87971339512347,33.60989335774956,
132,POLYGON,,4,72.88383326817035,33.60617621356533,
132,POLYGON,,5,72.87353358555316,33.60202997905667,
132,POLYGON,,6,72.86615214634418,33.599885296767454,
132,POLYGON,,7,72.86383471775531,33.60396014751118,
132,POLYGON,,8,72.86160311985492,33.6073199673077,
132,POLYGON,,9,72.86469302464008,33.60989335774956,
132,POLYGON,,10,72.86469302464008,33.611394466698854,
132,POLYGON,,11,72.86263308811664,33.61375329937635,
133,POLYGON,,0,72.86623797703265,33.60017125748782,
133,POLYGON,,1,72.86846957493304,33.593021955015466,
133,POLYGON,,2,72.8712161569643,33.591234536802716,
133,POLYGON,,3,72.87422023106097,33.59173501763555,
133,POLYGON,,4,72.87919841099261,33.59445186291915,
133,POLYGON,,5,72.88698697480935,33.60143054702951,
133,POLYGON,,6,72.88381123933571,33.60614869310582,
134,POLYGON,,0,72.87340329768351,33.61748402470873,
134,POLYGON,,1,72.8756348955839,33.619270898834,
134,POLYGON,,2,72.87623571040324,33.62198687654371,
134,POLYGON,,3,72.88644956233195,33.63177798022423,
134,POLYGON,,4,72.88859532954386,33.62856204699886,
134,POLYGON,,5,72.8921143877714,33.62577480775313,
134,POLYGON,,6,72.89443181636027,33.622558650416494,
134,POLYGON,,7,72.89983914973429,33.623988068498754,
134,POLYGON,,8,72.90155576350382,33.6212721538671,
134,POLYGON,,9,72.90679143550089,33.61719812141043,
134,POLYGON,,10,72.90447400691203,33.61591154483058,
134,POLYGON,,11,72.90473149897745,33.61112245210064,
134,POLYGON,,12,72.88687871577433,33.60125751223607,
134,POLYGON,,13,72.88361714961222,33.60604715300011,
135,POLYGON,,0,72.87639380225477,33.65429245218826,
135,POLYGON,,1,72.88240195044813,33.64964839128496,
135,POLYGON,,2,72.88557768592176,33.64750489404519,
135,POLYGON,,3,72.88832426795301,33.64907679724008,
135,POLYGON,,4,72.89381204682522,33.65178735240356,
135,POLYGON,,5,72.90016351777248,33.65685995714968,
135,POLYGON,,6,72.90273843842678,33.65764582690938,
135,POLYGON,,7,72.89544282990627,33.661146432280994,
135,POLYGON,,8,72.88960634308987,33.66178938513272,
135,POLYGON,,9,72.88522897797756,33.65986051216324,
136,POLYGON,,0,72.86523772496508,33.65019662841117,
136,POLYGON,,1,72.87639571446704,33.654269100170296,
136,POLYGON,,2,72.88506461400317,33.647481540185595,
136,POLYGON,,3,72.8728766562395,33.641693829461225,
137,POLYGON,,0,72.84635497350024,33.65962732204564,
137,POLYGON,,1,72.85167647618579,33.651697035162776,
137,POLYGON,,2,72.86068869847583,33.655840879833896,
137,POLYGON,,3,72.86764098424243,33.65769840060646,
137,POLYGON,,4,72.86583853978442,33.660556046575536,
137,POLYGON,,5,72.8630061270647,33.660627486508766,
137,POLYGON,,6,72.86163283604907,33.6607703661973,
137,POLYGON,,7,72.86008788365649,33.6632707223375,
137,POLYGON,,8,72.86455107945727,33.665699570148554,
137,POLYGON,,9,72.8618903281145,33.66834265014098,
138,POLYGON,,0,72.84038974065112,33.647460952567656,
138,POLYGON,,1,72.85154773015307,33.65174789585829,
138,POLYGON,,2,72.84609748143481,33.65985677959851,
138,POLYGON,,3,72.84472419041919,33.66153561599164,
138,POLYGON,,4,72.8388018729143,33.6587494440489,
138,POLYGON,,5,72.8324074866228,33.65767781543231,
138,POLYGON,,6,72.83103419560717,33.65710627471313,
138,POLYGON,,7,72.83124877232837,33.65482007387535,
138,POLYGON,,8,72.83871604222583,33.65349833630947,
138,POLYGON,,9,72.83850146550463,33.649997419806304,
139,POLYGON,,0,72.84642200102542,33.64085309010319,
139,POLYGON,,1,72.85612086882327,33.64492600391145,
139,POLYGON,,2,72.86084155668948,33.639066663614045,
139,POLYGON,,3,72.86144237150882,33.63556516018713,
139,POLYGON,,4,72.86487559904788,33.63556516018713,
139,POLYGON,,5,72.85998324980471,33.63077715977248,
139,POLYGON,,6,72.8581808053467,33.631348875307765,
139,POLYGON,,7,72.85354594816897,33.630419835635934,
139,POLYGON,,8,72.849769397876,33.63292107346325,
139,POLYGON,,9,72.85131435026858,33.63077715977248,
139,POLYGON,,10,72.84676532377932,33.627275319319,
139,POLYGON,,11,72.84298877348635,33.63206351439056,
139,POLYGON,,12,72.84337197713064,33.636065383679096,
139,POLYGON,,13,72.84491692952322,33.636708523899394,
140,POLYGON,,0,72.84053956441092,33.64721246756603,
140,POLYGON,,1,72.8461185591619,33.64085309010319,
140,POLYGON,,2,72.8559890883367,33.645140362458825,
140,POLYGON,,3,72.85152589253592,33.6519281070555,
141,POLYGON,,0,72.81704327432082,33.66506814597151,
141,POLYGON,,1,72.85738369790481,33.61133134248581,
141,POLYGON,,2,72.86322018472121,33.613904613181184,
141,POLYGON,,3,72.867683380522,33.617335521271684,
141,POLYGON,,4,72.87369152871536,33.61790732600819,
141,POLYGON,,5,72.87563479476755,33.61925294229028,
141,POLYGON,,6,72.87627852493112,33.62204039252245,
141,POLYGON,,7,72.88666403823679,33.63218880840152,
141,POLYGON,,8,72.89673502784969,33.637119649293346,
141,POLYGON,,9,72.90003950935603,33.6378342404934,
141,POLYGON,,10,72.90385897499324,33.64215739079111,
141,POLYGON,,11,72.90780718666316,33.645658626156134,
141,POLYGON,,12,72.91291411262752,33.65358946942729,
141,POLYGON,,13,72.91797812324764,33.66180533809704,
141,POLYGON,,14,72.90655754747239,33.67831547827364,
141,POLYGON,,15,72.9014077061638,33.67874402848692,
141,POLYGON,,16,72.89402626695481,33.674886999672864,
141,POLYGON,,17,72.8881897801384,33.6740298586636,
141,POLYGON,,18,72.88509987535325,33.67688696213615,
141,POLYGON,,19,72.8904213780388,33.68274372747318,
141,POLYGON,,20,72.8739418858513,33.68602905529391,
141,POLYGON,,21,72.849394308947,33.676029841061926,
142,POINT,,0,73.03674844113232,33.65120844265534,
143,POINT,,0,73.0441298803413,33.648350486272776,
144,POINT,,0,73.03846505490185,33.6413480921092,
145,POINT,,0,73.03039697018505,33.64877918577958,
146,POINT,,0,73.05116799679638,33.652637385261166,
147,POINT,,0,73.05322793331982,33.65206581106573,
148,POINT,,0,73.05408624020458,33.65206581106573,
149,POINT,,0,73.05683282223583,33.65220870497045,
150,POINT,,0,73.05854943600536,33.66335369855825,
151,POINT,,0,73.0710588359892,33.66025194113042,
152,POINT,,0,73.0710588359892,33.66025194113042,
153,POINT,,0,73.07706698418257,33.662537997652194,
154,POINT,,0,73.07907688425222,33.667035499656386,
155,POINT,,0,73.06517231271901,33.66732123751162,
156,POINT,,0,73.07633030222097,33.67317865436334,
157,POINT,,0,73.04422962473073,33.67003569979549,
158,POINT,,0,73.05552893926249,33.66885123855733,
159,POINT,,0,73.04874831487284,33.67670851782634,
160,POINT,,0,73.04042273809061,33.67442283789937,
161,POINT,,0,73.0386202936326,33.67092277277222,
162,POINT,,0,73.06471282292948,33.68013692379953,
163,POINT,,0,73.06067878057108,33.68192249776822,
164,POINT,,0,73.05664473821268,33.6811368497908,
165,POINT,,0,73.02506165553918,33.66398593860693,
166,POINT,,0,73.02712159206261,33.66169992055913,
167,POINT,,0,72.99725251247277,33.66770058837751,
168,POINT,,0,72.99793915798058,33.664843179714325,
169,POINT,,0,73.00308899928918,33.66770058837751,
170,POINT,,0,73.01441865016808,33.675129406675254,
171,POINT,,0,73.02300171901574,33.681986207842996,
172,POINT,,0,73.0209417824923,33.67770077119274,
173,POINT,,0,73.05012421657433,33.69884018604785,
174,POINT,,0,73.05287079860558,33.69512688153529,
175,POINT,,0,73.06797699977746,33.706551921081655,
176,POINT,,0,73.07209687282433,33.70369580364286,
177,POINT,,0,73.03300053428953,33.685700780334145,
178,POINT,,0,73.02909523796384,33.68366531251281,
179,POINT,,0,73.02420288872068,33.68912882771702,
180,POINT,,0,73.03136975120847,33.68973586352504,
181,POINT,,0,73.03284166883606,33.69062102116459,
182,POINT,,0,73.03228376936096,33.68954978964332,
183,POINT,,0,73.03129671644348,33.688442836377554,
184,POINT,,0,73.03215502332824,33.68883562787797,
185,POINT,,0,73.03361414503235,33.68972832915745,
186,POINT,,0,73.03318499158996,33.68872850310134,
187,POINT,,0,73.03309916090149,33.68815716870431,
188,POINT,,0,73.05768233751073,33.708678896564194,
189,POINT,,0,73.0654929301621,33.702252657912666,
190,POINT,,0,73.07699424241795,33.70689387849953,
191,POINT,,0,73.07270270799413,33.71446210025984,
192,POINT,,0,73.06961280320897,33.713533958003595,
193,POINT,,0,73.07004885799257,33.71728640813302,
194,POINT,,0,73.06472735530703,33.71978512060516,
195,POINT,,0,73.05631594783632,33.72178403821973,
196,POINT,,0,73.05502515421585,33.720909170931684,
197,POINT,,0,73.05665593729691,33.72105195043533,
198,POINT,,0,73.05536847696976,33.71983831708462,
199,POINT,,0,73.04548438568847,33.72238914907448,
200,POINT,,0,73.03930457611816,33.711323205958784,
201,POINT,,0,73.03827460785644,33.71189438631643,
202,POINT,,0,73.03827460785644,33.71189438631643,
203,POINT,,0,73.03827460785644,33.71125180814693,
204,POINT,,0,73.0303781845166,33.70989523844354,
205,POINT,,0,73.03415473480956,33.70725343594537,
206,POINT,,0,73.03741630097167,33.70782464337116,
207,POINT,,0,73.04780181427734,33.70775324265068,
208,POINT,,0,73.04634269257323,33.70725343594537,
209,POINT,,0,73.04505523224609,33.706610823050504,
210,POINT,,0,73.04548438568847,33.716606479302115,
211,POINT,,0,73.05544074555175,33.714893020863215,
212,POINT,,0,73.05346663971679,33.714393255710775,
213,POINT,,0,73.01619765132406,33.71881964584272,
214,POINT,,0,73.01473852961996,33.71446465091065,
215,POINT,,0,73.01997420161703,33.720033293594604,
216,POINT,,0,73.03696867793539,33.729313562051715,
217,POINT,,0,73.03492973506366,33.72899390919372,
218,POINT,,0,73.03492973506366,33.72899390919372,
219,POINT,,0,73.03404554956364,33.72773393464595,
220,POINT,,0,73.03121313684392,33.72823362213649,
221,POINT,,0,73.02630030798474,33.72780531875131,
222,POINT,,0,73.0238970487074,33.726877320750525,
223,POINT,,0,73.02655780005017,33.727162859665675,
224,POINT,,0,73.03093516516248,33.72573515559001,
225,POINT,,0,73.03273760962048,33.72409326654266,
226,POINT,,0,73.03276432604996,33.72766255048125,
227,POINT,,0,73.03568256945816,33.72787670279728,
228,POINT,,0,73.03928745837418,33.729804049594236,
229,POINT,,0,73.03782833667007,33.72994681430172,
230,POINT,,0,73.03448093981949,33.731588591366545,
231,POINT,,0,73.0270995006105,33.726663165940735,
232,POINT,,0,73.02538288684097,33.72609208383546,
233,POINT,,0,73.02848252117425,33.72659178088538,
234,POINT,,0,73.0326882249096,33.72744839763084,
235,POINT,,0,73.0352631455639,33.72780531875131,
236,POINT,,0,73.03294571697504,33.726734550936726,
237,POINT,,0,73.03474816143304,33.72709147502596,
238,POINT,,0,73.03663643657953,33.72773393464595,
239,POINT,,0,73.03766640484125,33.728376389456535,
240,POINT,,0,73.04968270122797,33.72759116625714,
241,POINT,,0,73.04873856365472,33.72737701322861,
242,POINT,,0,73.05646332561761,33.72958990208772,
243,POINT,,0,73.05406006634027,33.72944713678646,
244,POINT,,0,73.04470452129632,33.726877320750525,
245,POINT,,0,73.03534897625238,33.72330800415644,
246,POINT,,0,73.02925499737054,33.721166342953325,
247,POINT,,0,73.02865418255121,33.717810966305905,
248,POINT,,0,72.99620955276349,33.70931266978395,
249,POINT,,0,72.9989557875547,33.707812834875114,
250,POINT,,0,73.0081396712217,33.710526018640785,
251,POINT,,0,72.98333460225197,33.71923618714205,
252,POINT,,0,72.97801309956643,33.71638049154933,
253,POINT,,0,72.97573987567938,33.70153444190551,
254,POINT,,0,72.97247830951727,33.69896379033703,
255,POINT,,0,72.97247830951727,33.69896379033703,
256,POINT,,0,72.97591153705633,33.69724997989196,
257,POINT,,0,72.98183385456122,33.69996349730939,
258,POINT,,0,72.98427993144969,33.69876185657839,
259,POINT,,0,72.97895842876414,33.69440584448404,
260,POINT,,0,72.97483840038065,33.69273494616867,
261,POINT,,0,72.97286429454569,33.69573424961219,
262,POINT,,0,72.97415175487284,33.69594848156651,
263,POINT,,0,72.98324980785135,33.69701963332603,
264,POINT,,0,72.96848692943338,33.70972961470828,
265,POINT,,0,72.97001744561969,33.70888041914488,
266,POINT,,0,72.96555424981891,33.70866621943856,
267,POINT,,0,72.96203519159137,33.707381009981866,
268,POINT,,0,72.95570775763578,33.69272170787515,
269,POINT,,0,72.94729635016508,33.68800830451819,
270,POINT,,0,72.94772550360746,33.68200905367026,
271,POINT,,0,72.95055791632718,33.6791521203962,
272,POINT,,0,72.95742437140531,33.68308037917205,
273,POINT,,0,72.95596524970121,33.68743696533377,
274,POINT,,0,72.9625742127139,33.69322159912933,
275,POINT,,0,72.96841069953031,33.69043645368186,
276,POINT,,0,72.96497747199125,33.68643711262257,
277,POINT,,0,72.95579358832425,33.702004928106874,
278,POINT,,0,72.94781892933118,33.70175136644297,
279,POINT,,0,72.92297687196815,33.69902436049239,
280,POINT,,0,72.9297574963578,33.69573952942428,
281,POINT,,0,72.92235198549042,33.678942046775,
282,POINT,,0,72.91994872621308,33.67408503047153,
283,POINT,,0,72.89841658283142,33.68111151747107,
284,POINT,,0,72.90305144000915,33.685039686718085,
285,POINT,,0,72.89875990558532,33.68739650210702,
286,POINT,,0,72.91120535541442,33.68296849257609,
287,POINT,,0,72.91609770465759,33.687896424336415,
288,POINT,,0,72.91266447711853,33.6903959918672,
289,POINT,,0,72.89421087909606,33.69061023713016,
290,POINT,,0,72.8944147081752,33.6593416791155,
291,POINT,,0,72.89089564994767,33.657198423287866,
292,POINT,,0,72.889694020309,33.65412633017422,
293,POINT,,0,72.89382712619437,33.6528629539623,
294,POINT,,0,72.88610236423148,33.653577414496056,
295,POINT,,0,72.87425772922171,33.6501479498429,
296,POINT,,0,72.87700579435241,33.648044896982746,
297,POINT,,0,72.87383005887878,33.64811634730247,
298,POINT,,0,72.87383005887878,33.64811634730247,
299,POINT,,0,72.8737442281903,33.64604426395222,
300,POINT,,0,72.8516658572961,33.63899647500708,
301,POINT,,0,72.85449827001582,33.637495846891596,
302,POINT,,0,72.85449827001582,33.637495846891596,
303,POINT,,0,72.85149419591914,33.636138113206364,
304,POINT,,0,72.85149419591914,33.636138113206364,
305,POINT,,0,72.85501325414668,33.63314225561248,
306,POINT,,0,72.85218084142696,33.634357113229676,
307,POINT,,0,72.84960592077266,33.64821956884414,
308,POINT,,0,72.84697028959596,33.646004584011386,
309,POINT,,0,72.85126182401979,33.6452186079518,
310,POINT,,0,72.85357925260865,33.66186547602236,
311,POINT,,0,72.85881492460572,33.65972228306017,
312,POINT,,0,72.85658332670533,33.65950796082773,
313,POINT,,0,72.85426589811647,33.65607873250625,
314,POINT,,0,72.84671279753053,33.65593584502712,
315,POINT,,0,72.84379455412233,33.655507181166215,
316,POINT,,0,72.86156150663697,33.64736216212136,
317,POINT,,0,72.87031623686158,33.63978803184811,
318,POINT,,0,72.8863665756067,33.63421418969354,
319,POINT,,0,72.88430663908326,33.63299933006033,
320,POINT,,0,72.88809373357758,33.63562581060441,
321,POINT,,0,72.87936537886475,33.6323395271729,
322,POINT,,0,72.87713378096436,33.62990973788634,
323,POINT,,0,72.87799208784912,33.62826601803294,
324,POINT,,0,72.88271277571533,33.63176781821304,
325,POINT,,0,72.8751596751294,33.631696354326266,
326,POINT,,0,72.94004767561768,33.65370442792171,
327,POINT,,0,72.9300913157544,33.65113234603859,
328,POINT,,0,72.9191049876294,33.65856259508349,
329,POINT,,0,72.95773379224059,33.65106302972635,
330,POINT,,0,72.96854845898864,33.647919267175354,
331,POINT,,0,72.96580187695739,33.64548991747228,
332,POINT,,0,72.95940702773575,33.65057309504751,
333,POINT,,0,72.96678846694473,33.65628876531705,
334,POINT,,0,72.96047347478593,33.643734035380284,
335,POINT,,0,72.97935622625077,33.65159360859365,
336,POINT,,0,72.98313277654374,33.65959534579738,
337,POINT,,0,72.97643798284257,33.65902381781472,
338,POINT,,0,72.98742431096757,33.657594981249616,
339,POINT,,0,72.96476500920976,33.671596556444776,
340,POINT,,0,72.95764365011742,33.67173941791506,
341,POINT,,0,72.96845831686547,33.67188227914805,
342,POINT,,0,72.9459706764846,33.64101874332397,
343,POINT,,0,72.94116415792992,33.638446282387335,
344,POINT,,0,72.94888891989281,33.637731696266144,
345,POINT,,0,72.95850195700218,33.63230064796423,
346,POINT,,0,72.96090521627953,33.631586010848906,
347,POINT,,0,72.96313681417992,33.63001378832434,
348,POINT,,0,72.97377981955101,33.63587374459984,
349,POINT,,0,72.96862997824242,33.63816044865044,
350,POINT,,0,72.97257818991234,33.6360166653819,
351,POINT,,0,73.01240362936547,33.653165437121054,
352,POINT,,0,73.01017203146507,33.6518793977338,
353,POINT,,0,73.01549353415062,33.651022027466496,
354,POINT,,0,73.02527823263695,33.637588778330326,
355,POINT,,0,73.02064337545922,33.63658834613833,
356,POINT,,0,73.02030005270531,33.63658834613833,
357,POINT,,0,72.99609579855492,33.631586010848906,
358,POINT,,0,72.99609579855492,33.631586010848906,
359,POINT,,0,72.99609579855492,33.631586010848906,
360,POINT,,0,73.00440256177872,33.632051993328055,
361,POINT,,0,72.97161026168826,33.61443824138572,
362,POINT,,0,72.97023697067263,33.61272274674541,
363,POINT,,0,72.96731872726443,33.61057833043138,
364,POINT,,0,72.97023697067263,33.60929165503637,
365,POINT,,0,72.9659454362488,33.61014944076692,
366,POINT,,0,72.96817703414919,33.60914868991814,
367,POINT,,0,72.94929428268435,33.60443070801018,
368,POINT,,0,72.94895095993044,33.602429061929044,
369,POINT,,0,72.94122619796755,33.601857154514185,
370,POINT,,0,72.95444412399294,33.60114226491159,
371,POINT,,0,72.94860763717654,33.59771071232191,
372,POINT,,0,72.94345779586794,33.59942650568495,
373,POINT,,0,72.93764588008426,33.61829797948645,
374,POINT,,0,72.93558594356082,33.61515302074204,
375,POINT,,0,72.92734619746707,33.61672551445991,
376,POINT,,0,72.942280737262,33.613151623606434,
377,POINT,,0,72.92185303340457,33.596137871751964,
378,POINT,,0,72.93541428218387,33.5947079917984,
379,POINT,,0,72.93180939326786,33.59442201296318,
380,POINT,,0,72.9290628112366,33.59585189765762,
381,POINT,,0,72.88900607624072,33.58759039347674,
382,POINT,,0,72.88351291217822,33.590450365647634,
383,POINT,,0,72.88677447834033,33.57986799506615,
384,POINT,,0,72.89467090168017,33.574433300439466,
385,POINT,,0,72.89923019235357,33.57626023525957,
386,POINT,,0,72.90764159982427,33.59041802962884,
387,POINT,,0,72.90455169503912,33.59041802962884,
388,POINT,,0,72.90455169503912,33.588702057060175,
389,POINT,,0,72.90232009713873,33.6028578099412,
390,POINT,,0,72.90687870928693,33.62662079731973,
391,POINT,,0,72.90945362994123,33.62490554519005,
392,POINT,,0,72.89339740446238,33.61677427475658,
393,POINT,,0,72.88756091764597,33.61734608321696,
394,POINT,,0,72.88601596525339,33.61405813275995,
395,POINT,,0,72.87382800748972,33.60862559198077,
396,POINT,,0,72.87296970060495,33.60862559198077,
397,POINT,,0,72.87090976408152,33.60862559198077,
398,POINT,,0,72.87674625089792,33.60161996825332,
399,POINT,,0,72.87691791227488,33.60033315916209,
400,POINT,,0,72.87056644132761,33.62763798671052,
401,POINT,,0,72.89786060026316,33.629781978533266,
402,POINT,,0,72.91863162687449,33.640786963152614,
403,POINT,,0,72.92549808195261,33.633355179655055,
404,POINT,,0,72.92618472746042,33.63192591699411,
405,POINT,,0,72.90678699186472,33.65864920314864,
406,POINT,,0,72.87696109358455,33.67688977080863,
407,POINT,,0,72.81323811249187,33.69614830759183,
408,POINT,,0,72.81117817596844,33.68814997098281,
409,POINT,,0,72.81941792206219,33.68186504143783,
410,POINT,,0,72.86336323456219,33.7004328245431,
411,POINT,,0,72.88361927704265,33.713856260647034,
412,POINT,,0,72.88190266327312,33.708144416604476,
413,POINT,,0,72.85958668426922,33.710714793437624,
414,POINT,,0,72.95983692840984,33.72670652058557,
415,POINT,,0,73.1442012472575,33.76067904809037,
416,POINT,,0,73.15312763885906,33.765531167725,
417,POINT,,0,73.06180378632,33.7581101676667,
418,POINT,,0,73.09029957489422,33.77095379988191,
419,POINT,,0,73.10883900360515,33.781227319691574,
420,POINT,,0,73.07588001923015,33.72784867281917,
421,POINT,,0,73.0786266012614,33.72870527701927,
422,POINT,,0,73.08543242077424,33.720400461660404,
423,POINT,,0,73.08783568005158,33.71697366202394,
424,POINT,,0,73.09916533093049,33.720114900248426,
425,POINT,,0,73.0888656483133,33.739530912173755,
426,POINT,,0,73.09470213512971,33.73838891543514,
427,POINT,,0,73.10053862194611,33.738103413875066,
428,POINT,,0,73.10053862194611,33.73753240790451,
429,POINT,,0,73.11461485485627,33.73496283400527,
430,POINT,,0,73.11461485485627,33.73496283400527,
431,POINT,,0,73.11015165905549,33.744669709359954,
432,POINT,,0,73.11255491833283,33.73696139813337,
433,POINT,,0,73.11054224722754,33.71114407275151,
434,POINT,,0,73.11320299857032,33.71178665172713,
435,POINT,,0,73.11328882925879,33.71542784176407,
436,POINT,,0,73.1286525224961,33.71592760089471,
437,POINT,,0,73.12891001456153,33.71735546809634,
438,POINT,,0,73.12779421561133,33.71721268244476,
439,POINT,,0,73.13148493521582,33.716570144074055,
440,POINT,,0,73.13385974572158,33.71494398999825,
441,POINT,,0,73.13351642296767,33.71972730644993,
442,POINT,,0,73.13514720604873,33.72044121142203,
443,POINT,,0,73.13514720604873,33.719156178197686,
444,POINT,,0,73.13222896264053,33.716229086270296,
445,POINT,,0,73.13162814782119,33.71480120033628,
446,POINT,,0,73.12561999962783,33.71701441341217,
447,POINT,,0,73.13574802086806,33.71758555591262,
448,POINT,,0,73.13446056054092,33.71865643786016,
449,POINT,,0,73.13222896264053,33.713016309526324,
450,POINT,,0,73.12553416893935,33.72715162795426,
451,POINT,,0,73.11609279320693,33.72451035639554,
452,POINT,,0,73.10956966088271,33.724653129909214,
453,POINT,,0,73.10785304711318,33.722154559132306,
454,POINT,,0,73.11652194664931,33.7222259478781,
455,POINT,,0,73.10296069787002,33.73129183600733,
456,POINT,,0,73.0990124862001,33.731505979266664,
457,POINT,,0,73.11480533287978,33.732719447641905,
458,POINT,,0,73.12656413720107,33.72865069186891,
459,POINT,,0,73.14373027489638,33.73857240701175,
460,POINT,,0,73.13720714257217,33.73842965665583,
461,POINT,,0,73.14750682518935,33.730720784703024,
462,POINT,,0,73.15385829613662,33.72358232276776,
463,POINT,,0,73.15042506859756,33.72158344702858,
464,POINT,,0,73.16038142846084,33.712873516658696,
465,POINT,,0,73.17823421166396,33.718299478695165,
466,POINT,,0,73.1727319302924,33.743803694728264,
467,POINT,,0,73.1588273587592,33.74494561937903,
468,POINT,,0,73.16535546817583,33.73663445936918,
469,POINT,,0,73.15521610813902,33.74274906697202,
470,POINT,,0,73.17512882786558,33.75588044395806,
471,POINT,,0,73.19349659519956,33.75588044395806,
472,POINT,,0,73.18937672215269,33.74717399471319,
473,POINT,,0,73.18903339939878,33.73575436074876,
474,POINT,,0,73.18628681736753,33.731614368007385,
475,POINT,,0,73.21512592869566,33.74232083604284,
476,POINT,,0,73.20843113499448,33.73603987012625,
477,POINT,,0,73.20310963230894,33.74503292915227,
478,POINT,,0,73.20843113499448,33.72463406705965,
479,POINT,,0,73.18336857395933,33.70407223155327,
480,POINT,,0,73.17547215061948,33.69935945080897,
481,POINT,,0,73.17581547337339,33.7046434601353,
482,POINT,,0,73.15779102879331,33.69578899024703,
483,POINT,,0,73.15893237353312,33.69601540588589,
484,POINT,,0,73.16202227831828,33.69030237543302,
485,POINT,,0,73.14313952685343,33.69273045978381,
486,POINT,,0,73.1465727543925,33.69273045978381,
487,POINT,,0,73.15668994800062,33.689844534801196,
488,POINT,,0,73.15136844531507,33.69027302754246,
489,POINT,,0,73.13282901660413,33.69013019686607,
490,POINT,,0,73.13891434274908,33.66822416136446,
491,POINT,,0,73.14183258615728,33.66722408521643,
492,POINT,,0,73.153848882544,33.66865276186847,
493,POINT,,0,73.16020035349126,33.67036714252744,
494,POINT,,0,73.18182968698736,33.68622354355282,
495,POINT,,0,73.18251633249517,33.68393811657498,
496,POINT,,0,73.19212936960454,33.66565251349183,
497,POINT,,0,73.1732466181397,33.65693691286142,
498,POINT,,0,73.17379808692841,33.64887107172897,
499,POINT,,0,73.11965757378901,33.633245504348295,
500,POINT,,0,73.12755399712886,33.63653272264533,
501,POINT,,0,73.13854032525386,33.62295427073937,
502,POINT,,0,73.14575010308589,33.614091390044564,
503,POINT,,0,73.17218595513667,33.62166778009686,
504,POINT,,0,73.16051298150386,33.6416776819977,
505,POINT,,0,73.14472013482417,33.64796554816729,
506,POINT,,0,73.14557844170893,33.64053438426334,
507,POINT,,0,73.14557844170893,33.64053438426334,
508,POINT,,0,73.16016965874995,33.60751511538146,
509,POINT,,0,73.14763837823237,33.60379786865582,
510,POINT,,0,73.1708651903297,33.611355320072995,
511,POINT,,0,73.19197953969494,33.61978964044043,
512,POINT,,0,73.20536912709728,33.62179088342621,
513,POINT,,0,73.23492712251303,33.61641833607663,
514,POINT,,0,73.2280606674349,33.61498879242352,
515,POINT,,0,73.23166555635092,33.635714854403794,
516,POINT,,0,73.21604437104818,33.65072026908565,
517,POINT,,0,73.23664373628256,33.656007268211425,
518,POINT,,0,73.25028800115298,33.67419705100523,
519,POINT,,0,73.24136160955142,33.678768362106716,
520,POINT,,0,73.25269126043032,33.68491067869616,
521,POINT,,0,73.24393653020572,33.68062538782259,
522,POINT,,0,73.23277854070376,33.67433990815566,
523,POINT,,0,73.21441077336978,33.689624251926375,
524,POINT,,0,73.2125224982233,33.684482159221446,
525,POINT,,0,73.22522544011782,33.69519450520093,
526,POINT,,0,73.24513815984439,33.67991115190937,
527,POINT,,0,73.2483997260065,33.650193681161475,
528,POINT,,0,73.28475575904858,33.6762420863036,
529,POINT,,0,73.28475575904858,33.66281277392767,
530,POINT,,0,73.29682445819435,33.65793611917472,
531,POINT,,0,73.30147563783527,33.67900342382486,
532,POINT,,0,73.27761470643878,33.68528856258006,
533,POINT,,0,73.25350151352518,33.58490018570102,
534,POINT,,0,73.24852333359354,33.57832168483062,
535,POINT,,0,73.2351337461912,33.6016301995534,
536,POINT,,0,73.22586403183573,33.580180877216314,
537,POINT,,0,73.23582039169901,33.57374504063893,
538,POINT,,0,73.23324547104471,33.568166927448395,
539,POINT,,0,73.24011192612284,33.56802389416595,
540,POINT,,0,73.27822075180643,33.602916989289575,
541,POINT,,0,73.28195629933322,33.6056169990356,
542,POINT,,0,73.27079830983126,33.61991292289771,
543,POINT,,0,73.28195629933322,33.626488251623094,
544,POINT,,0,73.2829531617446,33.62760110723858,
545,POINT,,0,73.29222287610007,33.61559376184272,
546,POINT,,0,73.29222287610007,33.61559376184272,
547,POINT,,0,73.29493235679807,33.61615527923681,
548,POINT,,0,73.26643656822385,33.59656840882869,
549,POINT,,0,73.28446101280393,33.620014940439894,
550,POINT,,0,73.25030039879026,33.61343911773262,
551,POINT,,0,73.26163004966917,33.6261614513973,
552,POINT,,0,73.26060008140745,33.60629091529965,
553,POINT,,0,73.28514765831174,33.61401094832052,
554,POINT,,0,73.26609324546995,33.60814950495303,
555,POINT,,0,73.18676545272513,33.575434879115114,
556,POINT,,0,73.18813874374075,33.60775160002519,
557,POINT,,0,73.15964295516653,33.59087977822576,
558,POINT,,0,73.19672181258841,33.58973580642872,
559,POINT,,0,73.21114136825247,33.579439377655014,
560,POINT,,0,73.15313907458555,33.536519020244256,
561,POINT,,0,73.13288303210508,33.52707485679554,
562,POINT,,0,73.13219638659727,33.53337108038434,
563,POINT,,0,73.12395664050352,33.51247730256375,
564,POINT,,0,73.13219638659727,33.52879205415193,
565,POINT,,0,73.16172214343321,33.536519020244256,
566,POINT,,0,73.1280765135504,33.52650245009893,
567,POINT,,0,73.14764591052305,33.52821965882209,
568,POINT,,0,73.11365695788633,33.515912242828755,
569,POINT,,0,73.09477420642149,33.522495497136134,
570,POINT,,0,73.15348239733946,33.531367786247024,
571,POINT,,0,73.12704654528868,33.51505352054765,
572,POINT,,0,73.17682834460508,33.524785207275976,
573,POINT,,0,73.33606491968273,33.70057842755165,
574,POINT,,0,73.28559647485851,33.721141099572506,
575,POINT,,0,73.25160752222179,33.74855033520304,
576,POINT,,0,73.2000393951269,33.57432234161685,
577,POINT,,0,73.17497683409174,33.564310153441475,
578,POINT,,0,73.1564374053808,33.5937712732859,
579,POINT,,0,73.153396950375,33.51953777078105,
580,POINT,,0,73.12146793426172,33.50408011343456,
581,POINT,,0,73.08816562713281,33.51896531419965,
582,POINT,,0,73.12902103484765,33.521827559221535,
583,POINT,,0,73.14859043182031,33.528124164867116,
584,POINT,,0,73.12764774383203,33.510378010883855,
585,POINT,,0,73.15099369109765,33.525548336150415,
586,POINT,,0,73.13279758514062,33.515816735284496,
587,POINT,,0,73.10704837859765,33.5232586462146,
588,POINT,,0,73.1647266012539,33.52697936157634,
589,POINT,,0,73.16609989226953,33.54472210931874,
590,POINT,,0,73.14172397674218,33.520110223573965,
591,POINT,,0,73.10133975363647,33.672803094813865,
592,POINT,,0,73.10906451559936,33.68137424271597,
593,POINT,,0,73.09378665305053,33.66308809441157,
594,POINT,,0,73.10030978537475,33.65808729885175,
595,POINT,,0,73.11490100241576,33.682231310514126,
596,POINT,,0,73.12193911887084,33.68623084726071,